
nvidia@nvidia-desktop:~/Desktop$ python3 6imu.py
IMU 0 initialized on TCA Channel 0
IMU 1 initialized on TCA Channel 1
IMU 2 initialized on TCA Channel 2
IMU 3 initialized on TCA Channel 3
IMU 4 initialized on TCA Channel 4
IMU 5 initialized on TCA Channel 5

Starting data stream (50Hz)... Press Ctrl+C to stop.

----------------------------------------------------------------------------------------
Rel_Time(s)  | ID |  Accel_X  Accel_Y  Accel_Z |    Roll   Pitch     Yaw
----------------------------------------------------------------------------------------
   0.000 | 0  |    0.875   -0.059   -0.524 |  -174.5   -58.6   -28.5
   0.000 | 1  |         Comm Error         |            -           
   0.000 | 2  |    0.145    0.220    0.971 |    12.6    -7.5  -103.0
   0.000 | 3  |         Comm Error         |            -           
   0.000 | 4  |         Comm Error         |            -           
   0.000 | 5  |    0.965   -0.052    0.270 |   -10.8   -73.0   -20.3
   0.039 | 0  |    0.876   -0.054   -0.521 |  -174.3   -58.7   -28.6
   0.039 | 1  |         Comm Error         |            -           
   0.039 | 2  |    0.130    0.220    0.966 |    12.6    -7.5  -103.0
   0.039 | 3  |         Comm Error         |            -           
   0.039 | 4  |         Comm Error         |            -           
   0.039 | 5  |    0.964   -0.050    0.276 |   -10.8   -73.1   -20.4
   0.077 | 0  |    0.870   -0.054   -0.518 |  -174.2   -58.7   -28.7
   0.077 | 1  |         Comm Error         |            -           
   0.077 | 2  |    0.147    0.224    0.966 |    12.7    -7.7  -103.0
   0.077 | 3  |         Comm Error         |            -           
   0.077 | 4  |         Comm Error         |            -           
   0.077 | 5  |    0.960   -0.052    0.267 |   -10.8   -73.1   -20.4
   0.115 | 0  |    0.874   -0.050   -0.519 |  -174.3   -58.8   -28.7
   0.115 | 1  |         Comm Error         |            -           
   0.115 | 2  |    0.145    0.221    0.959 |    12.7    -7.8  -102.9
   0.115 | 3  |         Comm Error         |            -           
   0.115 | 4  |         Comm Error         |            -           
   0.115 | 5  |    0.966   -0.053    0.278 |   -10.7   -73.1   -20.4
   0.153 | 0  |    0.875   -0.052   -0.520 |  -174.2   -58.8   -28.7
   0.153 | 1  |         Comm Error         |            -           
   0.153 | 2  |    0.137    0.216    0.963 |    12.7    -7.8  -102.9
   0.153 | 3  |         Comm Error         |            -           
   0.153 | 4  |         Comm Error         |            -           
   0.153 | 5  |    0.967   -0.050    0.273 |   -10.6   -73.1   -20.5
   0.190 | 0  |    0.876   -0.059   -0.524 |  -174.1   -58.7   -28.8
   0.190 | 1  |         Comm Error         |            -           
   0.190 | 2  |    0.143    0.219    0.971 |    12.6    -7.8  -102.9
   0.190 | 3  |         Comm Error         |            -           
   0.190 | 4  |         Comm Error         |            -           
   0.190 | 5  |    0.962   -0.048    0.275 |   -10.4   -73.1   -20.6
   0.229 | 0  |    0.877   -0.059   -0.530 |  -174.0   -58.7   -28.9
   0.229 | 1  |         Comm Error         |            -           
   0.229 | 2  |    0.135    0.218    0.978 |    12.6    -7.8  -102.9
   0.229 | 3  |         Comm Error         |            -           
   0.229 | 4  |         Comm Error         |            -           
   0.229 | 5  |    0.965   -0.050    0.272 |   -10.4   -73.1   -20.6
   0.268 | 0  |    0.878   -0.057   -0.534 |  -174.0   -58.6   -28.9
   0.268 | 1  |         Comm Error         |            -           
   0.268 | 2  |    0.131    0.223    0.986 |    12.5    -7.7  -102.9
   0.268 | 3  |         Comm Error         |            -           
   0.268 | 4  |         Comm Error         |            -           
   0.268 | 5  |    0.970   -0.050    0.274 |   -10.3   -73.1   -20.7
   0.305 | 0  |    0.882   -0.052   -0.536 |  -174.1   -58.4   -28.8
   0.305 | 1  |         Comm Error         |            -           
   0.305 | 2  |    0.128    0.215    0.991 |    12.5    -7.5  -102.9
   0.305 | 3  |         Comm Error         |            -           
   0.305 | 4  |         Comm Error         |            -           
   0.305 | 5  |    0.967   -0.056    0.269 |   -10.4   -73.1   -20.6
   0.343 | 0  |    0.870   -0.049   -0.534 |  -174.3   -58.4   -28.6
   0.343 | 1  |         Comm Error         |            -           
   0.343 | 2  |    0.127    0.219    0.980 |    12.5    -7.4  -102.9
   0.343 | 3  |         Comm Error         |            -           
   0.343 | 4  |         Comm Error         |            -           
   0.343 | 5  |    0.963   -0.051    0.277 |   -10.5   -73.1   -20.5
   0.381 | 0  |    0.875   -0.045   -0.535 |  -174.5   -58.3   -28.5
   0.381 | 1  |         Comm Error         |            -           
   0.381 | 2  |    0.132    0.217    0.975 |    12.5    -7.5  -102.9
   0.381 | 3  |         Comm Error         |            -           
   0.381 | 4  |         Comm Error         |            -           
   0.381 | 5  |    0.965   -0.047    0.268 |   -10.5   -73.2   -20.5
   0.418 | 0  |    0.868   -0.040   -0.539 |  -174.7   -58.2   -28.3
   0.418 | 1  |         Comm Error         |            -           
   0.418 | 2  |    0.122    0.217    0.978 |    12.5    -7.3  -102.9
   0.418 | 3  |         Comm Error         |            -           
   0.418 | 4  |         Comm Error         |            -           
   0.418 | 5  |    0.965   -0.053    0.268 |   -10.7   -73.3   -20.3
   0.458 | 0  |    0.865   -0.040   -0.538 |  -174.9   -58.0   -28.1
   0.458 | 1  |         Comm Error         |            -           
   0.458 | 2  |    0.129    0.214    0.973 |    12.5    -7.3  -102.8
   0.458 | 3  |         Comm Error         |            -           
   0.458 | 4  |         Comm Error         |            -           
   0.458 | 5  |    0.967   -0.051    0.271 |   -10.9   -73.3   -20.1
   0.496 | 0  |    0.864   -0.042   -0.538 |  -174.9   -58.0   -28.1
   0.496 | 1  |         Comm Error         |            -           
   0.496 | 2  |    0.132    0.217    0.979 |    12.5    -7.3  -102.8
   0.496 | 3  |         Comm Error         |            -           
   0.496 | 4  |         Comm Error         |            -           
   0.496 | 5  |    0.967   -0.051    0.269 |   -10.9   -73.3   -20.0
   0.534 | 0  |    0.868   -0.048   -0.542 |  -174.8   -57.9   -28.2
   0.534 | 1  |         Comm Error         |            -           
   0.534 | 2  |    0.114    0.219    0.982 |    12.6    -7.1  -102.8
   0.534 | 3  |         Comm Error         |            -           
   0.534 | 4  |         Comm Error         |            -           
   0.534 | 5  |    0.969   -0.051    0.272 |   -10.9   -73.3   -20.0
   0.572 | 0  |    0.864   -0.051   -0.548 |  -174.7   -57.7   -28.4
   0.572 | 1  |         Comm Error         |            -           
   0.572 | 2  |    0.130    0.222    0.980 |    12.6    -7.1  -102.8
   0.572 | 3  |         Comm Error         |            -           
   0.572 | 4  |         Comm Error         |            -           
   0.572 | 5  |    0.969   -0.050    0.271 |   -10.9   -73.3   -19.9
   0.610 | 0  |    0.871   -0.053   -0.548 |  -174.5   -57.7   -28.6
   0.610 | 1  |         Comm Error         |            -           
   0.610 | 2  |    0.109    0.222    0.982 |    12.7    -6.9  -102.8
   0.610 | 3  |         Comm Error         |            -           
   0.610 | 4  |         Comm Error         |            -           
   0.610 | 5  |    0.966   -0.054    0.274 |   -11.0   -73.3   -19.9
   0.648 | 0  |    0.875   -0.056   -0.550 |  -174.3   -57.7   -28.7
   0.648 | 1  |         Comm Error         |            -           
   0.648 | 2  |    0.120    0.223    0.979 |    12.8    -6.8  -102.8
   0.648 | 3  |         Comm Error         |            -           
   0.648 | 4  |         Comm Error         |            -           
   0.648 | 5  |    0.967   -0.055    0.269 |   -11.2   -73.3   -19.8
   0.686 | 0  |    0.872   -0.061   -0.547 |  -174.1   -57.7   -29.0
   0.686 | 1  |         Comm Error         |            -           
   0.686 | 2  |    0.108    0.223    0.977 |    12.9    -6.8  -102.8
   0.686 | 3  |         Comm Error         |            -           
   0.686 | 4  |         Comm Error         |            -           
   0.686 | 5  |    0.969   -0.052    0.273 |   -11.3   -73.3   -19.7
   0.724 | 0  |    0.874   -0.061   -0.537 |  -173.9   -57.8   -29.2
   0.724 | 1  |         Comm Error         |            -           
   0.724 | 2  |    0.115    0.229    0.961 |    13.0    -6.7  -102.7
   0.724 | 3  |         Comm Error         |            -           
   0.724 | 4  |         Comm Error         |            -           
   0.724 | 5  |    0.969   -0.051    0.263 |   -11.3   -73.4   -19.8
   0.763 | 0  |    0.862   -0.058   -0.534 |  -173.7   -57.8   -29.3
   0.763 | 1  |         Comm Error         |            -           
   0.763 | 2  |    0.139    0.225    0.954 |    13.2    -7.0  -102.7
   0.763 | 3  |         Comm Error         |            -           
   0.763 | 4  |         Comm Error         |            -           
   0.763 | 5  |    0.963   -0.055    0.272 |   -11.4   -73.3   -19.8
   0.801 | 0  |    0.863   -0.062   -0.534 |  -173.6   -57.9   -29.5
   0.801 | 1  |         Comm Error         |            -           
   0.801 | 2  |    0.128    0.224    0.945 |    13.3    -7.2  -102.7
   0.801 | 3  |         Comm Error         |            -           
   0.801 | 4  |         Comm Error         |            -           
   0.801 | 5  |    0.964   -0.049    0.271 |   -11.3   -73.2   -20.0
   0.838 | 0  |    0.870   -0.066   -0.535 |  -173.4   -57.9   -29.7
   0.838 | 1  |         Comm Error         |            -           
   0.838 | 2  |    0.134    0.231    0.950 |    13.3    -7.3  -102.7
   0.838 | 3  |         Comm Error         |            -           
   0.838 | 4  |         Comm Error         |            -           
   0.838 | 5  |    0.966   -0.054    0.271 |   -11.2   -73.2   -20.3
   0.876 | 0  |    0.873   -0.061   -0.539 |  -173.5   -58.0   -29.8
   0.876 | 1  |         Comm Error         |            -           
   0.876 | 2  |    0.119    0.228    0.959 |    13.3    -7.2  -102.6
   0.876 | 3  |         Comm Error         |            -           
   0.876 | 4  |         Comm Error         |            -           
   0.876 | 5  |    0.963   -0.062    0.270 |   -11.3   -73.2   -20.2
   0.915 | 0  |    0.876   -0.065   -0.537 |  -173.5   -58.0   -29.8
   0.915 | 1  |         Comm Error         |            -           
   0.915 | 2  |    0.140    0.225    0.953 |    13.3    -7.4  -102.6
   0.915 | 3  |         Comm Error         |            -           
   0.915 | 4  |         Comm Error         |            -           
   0.915 | 5  |    0.962   -0.058    0.272 |   -11.4   -73.2   -20.3
   0.953 | 0  |    0.878   -0.066   -0.536 |  -173.4   -58.1   -29.9
   0.953 | 1  |         Comm Error         |            -           
   0.953 | 2  |    0.125    0.225    0.960 |    13.3    -7.5  -102.6
   0.953 | 3  |         Comm Error         |            -           
   0.953 | 4  |         Comm Error         |            -           
   0.953 | 5  |    0.966   -0.055    0.268 |   -11.3   -73.1   -20.5
   0.992 | 0  |    0.874   -0.067   -0.534 |  -173.4   -58.1   -30.0
   0.992 | 1  |         Comm Error         |            -           
   0.992 | 2  |    0.131    0.233    0.962 |    13.3    -7.5  -102.6
   0.992 | 3  |         Comm Error         |            -           
   0.992 | 4  |         Comm Error         |            -           
   0.992 | 5  |    0.961   -0.054    0.281 |   -11.0   -73.0   -20.7
   1.030 | 0  |    0.868   -0.060   -0.533 |  -173.5   -58.1   -29.9
   1.030 | 1  |         Comm Error         |            -           
   1.030 | 2  |    0.132    0.223    0.959 |    13.2    -7.6  -102.6
   1.030 | 3  |         Comm Error         |            -           
   1.030 | 4  |         Comm Error         |            -           
   1.030 | 5  |    0.965   -0.053    0.274 |   -10.8   -73.0   -21.0
   1.068 | 0  |    0.876   -0.060   -0.535 |  -173.7   -58.1   -29.9
   1.068 | 1  |         Comm Error         |            -           
   1.068 | 2  |    0.133    0.229    0.975 |    13.1    -7.6  -102.6
   1.068 | 3  |         Comm Error         |            -           
   1.068 | 4  |         Comm Error         |            -           
   1.068 | 5  |    0.962   -0.055    0.274 |   -10.7   -73.0   -21.2
   1.106 | 0  |    0.880   -0.055   -0.534 |  -174.0   -58.2   -29.7
   1.106 | 1  |         Comm Error         |            -           
   1.106 | 2  |    0.119    0.235    0.987 |    13.0    -7.6  -102.6
   1.106 | 3  |         Comm Error         |            -           
   1.106 | 4  |         Comm Error         |            -           
   1.106 | 5  |    0.965   -0.058    0.275 |   -10.7   -73.0   -21.2
   1.143 | 0  |    0.877   -0.054   -0.530 |  -174.2   -58.3   -29.5
   1.143 | 1  |         Comm Error         |            -           
   1.143 | 2  |    0.132    0.231    0.993 |    13.0    -7.6  -102.6
   1.143 | 3  |         Comm Error         |            -           
   1.143 | 4  |         Comm Error         |            -           
   1.143 | 5  |    0.968   -0.054    0.279 |   -10.6   -73.0   -21.3
   1.183 | 0  |    0.878   -0.053   -0.527 |  -174.3   -58.4   -29.4
   1.183 | 1  |         Comm Error         |            -           
   1.183 | 2  |    0.133    0.227    0.984 |    13.0    -7.6  -102.6
   1.183 | 3  |         Comm Error         |            -           
   1.183 | 4  |         Comm Error         |            -           
   1.183 | 5  |    0.966   -0.051    0.276 |   -10.4   -73.0   -21.6
   1.220 | 0  |    0.871   -0.047   -0.526 |  -174.5   -58.4   -29.3
   1.220 | 1  |         Comm Error         |            -           
   1.220 | 2  |    0.145    0.223    0.970 |    13.0    -7.7  -102.6
   1.220 | 3  |         Comm Error         |            -           
   1.220 | 4  |         Comm Error         |            -           
   1.220 | 5  |    0.963   -0.052    0.273 |   -10.3   -73.0   -21.7
   1.258 | 0  |    0.870   -0.042   -0.526 |  -174.8   -58.5   -29.0
   1.258 | 1  |         Comm Error         |            -           
   1.258 | 2  |    0.139    0.224    0.965 |    13.0    -7.8  -102.6
   1.258 | 3  |         Comm Error         |            -           
   1.258 | 4  |         Comm Error         |            -           
   1.258 | 5  |    0.963   -0.050    0.279 |   -10.2   -73.0   -21.9
   1.298 | 0  |    0.871   -0.041   -0.528 |  -175.1   -58.5   -28.8
   1.298 | 1  |         Comm Error         |            -           
   1.298 | 2  |    0.145    0.224    0.967 |    13.0    -8.0  -102.6
   1.298 | 3  |         Comm Error         |            -           
   1.298 | 4  |         Comm Error         |            -           
   1.298 | 5  |    0.964   -0.049    0.279 |   -10.1   -72.9   -22.0
   1.336 | 0  |    0.884   -0.042   -0.530 |  -175.3   -58.6   -28.6
   1.336 | 1  |         Comm Error         |            -           
   1.336 | 2  |    0.134    0.223    0.965 |    13.0    -8.0  -102.6
   1.336 | 3  |         Comm Error         |            -           
   1.336 | 4  |         Comm Error         |            -           
   1.336 | 5  |    0.964   -0.053    0.285 |   -10.2   -72.9   -22.0
   1.374 | 0  |    0.890   -0.042   -0.533 |  -175.5   -58.6   -28.5
   1.374 | 1  |         Comm Error         |            -           
   1.374 | 2  |    0.144    0.234    0.971 |    13.1    -8.0  -102.6
   1.374 | 3  |         Comm Error         |            -           
   1.374 | 4  |         Comm Error         |            -           
   1.374 | 5  |    0.962   -0.056    0.270 |   -10.3   -72.9   -21.8
   1.412 | 0  |    0.883   -0.036   -0.526 |  -175.7   -58.7   -28.4
   1.412 | 1  |         Comm Error         |            -           
   1.412 | 2  |    0.132    0.233    0.976 |    13.1    -7.9  -102.6
   1.412 | 3  |         Comm Error         |            -           
   1.412 | 4  |         Comm Error         |            -           
   1.412 | 5  |    0.965   -0.053    0.277 |   -10.4   -73.0   -21.8
   1.450 | 0  |    0.881   -0.035   -0.522 |  -175.9   -58.7   -28.3
   1.450 | 1  |         Comm Error         |            -           
   1.450 | 2  |    0.135    0.225    0.974 |    13.1    -7.9  -102.6
   1.450 | 3  |         Comm Error         |            -           
   1.450 | 4  |         Comm Error         |            -           
   1.450 | 5  |    0.966   -0.050    0.277 |   -10.3   -72.9   -21.9
   1.489 | 0  |    0.876   -0.036   -0.527 |  -176.0   -58.6   -28.2
   1.489 | 1  |         Comm Error         |            -           
   1.489 | 2  |    0.135    0.222    0.969 |    13.1    -7.9  -102.6
   1.489 | 3  |         Comm Error         |            -           
   1.489 | 4  |         Comm Error         |            -           
   1.489 | 5  |    0.964   -0.047    0.275 |   -10.2   -73.0   -21.9
   1.527 | 0  |    0.863   -0.040   -0.528 |  -176.1   -58.5   -28.2
   1.527 | 1  |         Comm Error         |            -           
   1.527 | 2  |    0.139    0.223    0.966 |    13.1    -7.9  -102.5
   1.527 | 3  |         Comm Error         |            -           
   1.527 | 4  |         Comm Error         |            -           
   1.527 | 5  |    0.965   -0.051    0.276 |   -10.2   -73.0   -22.0
   1.565 | 0  |    0.869   -0.043   -0.528 |  -176.1   -58.4   -28.3
   1.565 | 1  |         Comm Error         |            -           
   1.565 | 2  |    0.143    0.223    0.969 |    13.0    -7.9  -102.5
   1.565 | 3  |         Comm Error         |            -           
   1.565 | 4  |         Comm Error         |            -           
   1.565 | 5  |    0.968   -0.048    0.274 |   -10.1   -73.0   -22.0
   1.603 | 0  |    0.871   -0.041   -0.536 |  -176.2   -58.2   -28.2
   1.603 | 1  |         Comm Error         |            -           
   1.603 | 2  |    0.144    0.226    0.967 |    13.0    -8.0  -102.4
   1.603 | 3  |         Comm Error         |            -           
   1.603 | 4  |         Comm Error         |            -           
   1.603 | 5  |    0.962   -0.049    0.277 |   -10.0   -73.0   -22.1
   1.641 | 0  |    0.871   -0.036   -0.542 |  -176.2   -58.1   -28.2
   1.641 | 1  |         Comm Error         |            -           
   1.641 | 2  |    0.143    0.232    0.979 |    13.0    -8.0  -102.4
   1.641 | 3  |         Comm Error         |            -           
   1.641 | 4  |         Comm Error         |            -           
   1.641 | 5  |    0.963   -0.053    0.278 |   -10.0   -72.9   -22.0
   1.680 | 0  |    0.880   -0.034   -0.544 |  -176.2   -58.1   -28.2
   1.680 | 1  |         Comm Error         |            -           
   1.680 | 2  |    0.137    0.233    0.980 |    13.0    -8.0  -102.4
   1.680 | 3  |         Comm Error         |            -           
   1.680 | 4  |         Comm Error         |            -           
   1.680 | 5  |    0.964   -0.049    0.283 |   -10.0   -72.9   -22.0
   1.718 | 0  |    0.876   -0.036   -0.545 |  -176.2   -58.0   -28.2
   1.718 | 1  |         Comm Error         |            -           
   1.718 | 2  |    0.138    0.229    0.980 |    13.1    -7.9  -102.4
   1.718 | 3  |         Comm Error         |            -           
   1.718 | 4  |         Comm Error         |            -           
   1.718 | 5  |    0.968   -0.049    0.276 |    -9.9   -72.9   -22.1
   1.757 | 0  |    0.875   -0.038   -0.541 |  -176.2   -58.0   -28.2
   1.757 | 1  |         Comm Error         |            -           
   1.757 | 2  |    0.137    0.234    0.985 |    13.1    -7.9  -102.4
   1.757 | 3  |         Comm Error         |            -           
   1.757 | 4  |         Comm Error         |            -           
   1.757 | 5  |    0.964   -0.052    0.273 |   -10.0   -73.0   -22.0
   1.795 | 0  |    0.872   -0.039   -0.535 |  -176.2   -58.0   -28.3
   1.795 | 1  |         Comm Error         |            -           
   1.795 | 2  |    0.135    0.228    0.973 |    13.2    -7.8  -102.4
   1.795 | 3  |         Comm Error         |            -           
   1.795 | 4  |         Comm Error         |            -           
   1.795 | 5  |    0.964   -0.053    0.273 |   -10.1   -73.0   -21.9
   1.833 | 0  |    0.863   -0.040   -0.531 |  -176.1   -58.0   -28.3
   1.833 | 1  |         Comm Error         |            -           
   1.833 | 2  |    0.151    0.222    0.960 |    13.3    -7.9  -102.4
   1.833 | 3  |         Comm Error         |            -           
   1.833 | 4  |         Comm Error         |            -           
   1.833 | 5  |    0.963   -0.051    0.269 |   -10.2   -73.1   -21.8
   1.872 | 0  |    0.863   -0.042   -0.527 |  -176.0   -58.0   -28.4
   1.872 | 1  |         Comm Error         |            -           
   1.872 | 2  |    0.133    0.224    0.947 |    13.3    -7.8  -102.4
   1.872 | 3  |         Comm Error         |            -           
   1.872 | 4  |         Comm Error         |            -           
   1.872 | 5  |    0.964   -0.049    0.271 |   -10.2   -73.2   -21.8
   1.911 | 0  |    0.862   -0.042   -0.531 |  -175.9   -58.0   -28.5
   1.911 | 1  |         Comm Error         |            -           
   1.911 | 2  |    0.143    0.227    0.952 |    13.3    -7.9  -102.5
   1.911 | 3  |         Comm Error         |            -           
   1.911 | 4  |         Comm Error         |            -           
   1.911 | 5  |    0.964   -0.051    0.270 |   -10.2   -73.2   -21.7
   1.949 | 0  |    0.865   -0.039   -0.535 |  -175.9   -58.0   -28.4
   1.949 | 1  |         Comm Error         |            -           
   1.949 | 2  |    0.119    0.228    0.956 |    13.2    -7.8  -102.5
   1.949 | 3  |         Comm Error         |            -           
   1.949 | 4  |         Comm Error         |            -           
   1.949 | 5  |    0.964   -0.049    0.275 |   -10.1   -73.2   -21.7
   1.987 | 0  |    0.874   -0.033   -0.539 |  -176.0   -58.0   -28.3
   1.987 | 1  |         Comm Error         |            -           
   1.987 | 2  |    0.130    0.229    0.969 |    13.2    -7.7  -102.5
   1.987 | 3  |         Comm Error         |            -           
   1.987 | 4  |         Comm Error         |            -           
   1.987 | 5  |    0.966   -0.052    0.271 |   -10.1   -73.3   -21.7
   2.025 | 0  |    0.876   -0.032   -0.542 |  -176.1   -58.0   -28.1
   2.025 | 1  |         Comm Error         |            -           
   2.025 | 2  |    0.119    0.231    0.980 |    13.2    -7.5  -102.5
   2.025 | 3  |         Comm Error         |            -           
   2.025 | 4  |         Comm Error         |            -           
   2.025 | 5  |    0.965   -0.050    0.270 |   -10.2   -73.3   -21.6
   2.063 | 0  |    0.872   -0.033   -0.542 |  -176.3   -57.9   -28.0
   2.063 | 1  |         Comm Error         |            -           
   2.063 | 2  |    0.121    0.233    0.981 |    13.2    -7.3  -102.5
   2.063 | 3  |         Comm Error         |            -           
   2.063 | 4  |         Comm Error         |            -           
   2.063 | 5  |    0.970   -0.051    0.265 |   -10.3   -73.4   -21.5
   2.102 | 0  |    0.874   -0.033   -0.542 |  -176.4   -57.8   -27.9
   2.102 | 1  |         Comm Error         |            -           
   2.102 | 2  |    0.124    0.230    0.970 |    13.2    -7.2  -102.5
   2.102 | 3  |         Comm Error         |            -           
   2.102 | 4  |         Comm Error         |            -           
   2.102 | 5  |    0.970   -0.048    0.275 |   -10.2   -73.4   -21.5
   2.140 | 0  |    0.859   -0.036   -0.548 |  -176.4   -57.7   -27.8
   2.140 | 1  |         Comm Error         |            -           
   2.140 | 2  |    0.132    0.214    0.948 |    13.1    -7.2  -102.4
   2.140 | 3  |         Comm Error         |            -           
   2.140 | 4  |         Comm Error         |            -           
   2.140 | 5  |    0.972   -0.043    0.267 |   -10.0   -73.5   -21.6
   2.178 | 0  |    0.865   -0.033   -0.554 |  -176.4   -57.5   -27.7
   2.178 | 1  |         Comm Error         |            -           
   2.178 | 2  |    0.120    0.217    0.945 |    12.9    -7.1  -102.4
   2.178 | 3  |         Comm Error         |            -           
   2.178 | 4  |         Comm Error         |            -           
   2.178 | 5  |    0.963   -0.049    0.260 |   -10.0   -73.6   -21.6
   2.217 | 0  |    0.868   -0.023   -0.564 |  -176.6   -57.4   -27.5
   2.217 | 1  |         Comm Error         |            -           
   2.217 | 2  |    0.128    0.224    0.968 |    12.8    -7.1  -102.3
   2.217 | 3  |         Comm Error         |            -           
   2.217 | 4  |         Comm Error         |            -           
   2.217 | 5  |    0.966   -0.051    0.257 |   -10.1   -73.6   -21.4
   2.254 | 0  |    0.863   -0.018   -0.562 |  -176.9   -57.2   -27.2
   2.254 | 1  |         Comm Error         |            -           
   2.254 | 2  |    0.130    0.224    0.982 |    12.7    -7.2  -102.2
   2.254 | 3  |         Comm Error         |            -           
   2.254 | 4  |         Comm Error         |            -           
   2.254 | 5  |    0.972   -0.048    0.261 |   -10.1   -73.7   -21.4
   2.294 | 0  |    0.860   -0.025   -0.555 |  -177.0   -57.1   -27.1
   2.294 | 1  |         Comm Error         |            -           
   2.294 | 2  |    0.125    0.219    0.991 |    12.6    -7.2  -102.2
   2.294 | 3  |         Comm Error         |            -           
   2.294 | 4  |         Comm Error         |            -           
   2.294 | 5  |    0.970   -0.052    0.258 |   -10.2   -73.7   -21.3
   2.332 | 0  |    0.853   -0.034   -0.555 |  -176.9   -57.0   -27.2
   2.332 | 1  |         Comm Error         |            -           
   2.332 | 2  |    0.117    0.225    0.994 |    12.6    -7.1  -102.2
   2.332 | 3  |         Comm Error         |            -           
   2.332 | 4  |         Comm Error         |            -           
   2.332 | 5  |    0.969   -0.044    0.272 |    -9.9   -73.6   -21.5
   2.370 | 0  |    0.859   -0.037   -0.558 |  -176.8   -56.9   -27.4
   2.370 | 1  |         Comm Error         |            -           
   2.370 | 2  |    0.129    0.219    0.989 |    12.6    -7.1  -102.1
   2.370 | 3  |         Comm Error         |            -           
   2.370 | 4  |         Comm Error         |            -           
   2.370 | 5  |    0.972   -0.043    0.266 |    -9.7   -73.6   -21.6
   2.408 | 0  |    0.868   -0.039   -0.557 |  -176.6   -57.0   -27.5
   2.408 | 1  |         Comm Error         |            -           
   2.408 | 2  |    0.125    0.214    0.980 |    12.5    -7.2  -102.0
   2.408 | 3  |         Comm Error         |            -           
   2.408 | 4  |         Comm Error         |            -           
   2.408 | 5  |    0.971   -0.047    0.265 |    -9.7   -73.6   -21.7
   2.447 | 0  |    0.864   -0.037   -0.555 |  -176.6   -57.0   -27.6
   2.447 | 1  |         Comm Error         |            -           
   2.447 | 2  |    0.134    0.219    0.971 |    12.6    -7.3  -102.0
   2.447 | 3  |         Comm Error         |            -           
   2.447 | 4  |         Comm Error         |            -           
   2.447 | 5  |    0.965   -0.043    0.270 |    -9.6   -73.5   -21.7
   2.484 | 0  |    0.863   -0.032   -0.548 |  -176.6   -57.1   -27.5
   2.484 | 1  |         Comm Error         |            -           
   2.484 | 2  |    0.134    0.220    0.968 |    12.6    -7.4  -102.0
   2.484 | 3  |         Comm Error         |            -           
   2.484 | 4  |         Comm Error         |            -           
   2.484 | 5  |    0.966   -0.045    0.268 |    -9.5   -73.5   -21.8
   2.523 | 0  |    0.868   -0.029   -0.546 |  -176.7   -57.3   -27.4
   2.523 | 1  |         Comm Error         |            -           
   2.523 | 2  |    0.136    0.221    0.966 |    12.7    -7.5  -101.9
   2.523 | 3  |         Comm Error         |            -           
   2.523 | 4  |         Comm Error         |            -           
   2.523 | 5  |    0.967   -0.047    0.267 |    -9.5   -73.5   -21.7
   2.561 | 0  |    0.867   -0.026   -0.541 |  -176.7   -57.5   -27.4
   2.561 | 1  |         Comm Error         |            -           
   2.561 | 2  |    0.133    0.223    0.965 |    12.7    -7.6  -101.9
   2.561 | 3  |         Comm Error         |            -           
   2.561 | 4  |         Comm Error         |            -           
   2.561 | 5  |    0.965   -0.045    0.272 |    -9.4   -73.5   -21.8
   2.599 | 0  |    0.863   -0.028   -0.535 |  -176.8   -57.6   -27.4
   2.599 | 1  |         Comm Error         |            -           
   2.599 | 2  |    0.135    0.221    0.964 |    12.8    -7.7  -101.9
   2.599 | 3  |         Comm Error         |            -           
   2.599 | 4  |         Comm Error         |            -           
   2.599 | 5  |    0.968   -0.044    0.276 |    -9.3   -73.3   -21.9
   2.637 | 0  |    0.867   -0.029   -0.535 |  -176.8   -57.7   -27.4
   2.637 | 1  |         Comm Error         |            -           
   2.637 | 2  |    0.147    0.224    0.965 |    12.8    -7.9  -101.9
   2.637 | 3  |         Comm Error         |            -           
   2.637 | 4  |         Comm Error         |            -           
   2.637 | 5  |    0.966   -0.045    0.278 |    -9.3   -73.3   -21.9
   2.675 | 0  |    0.874   -0.033   -0.539 |  -176.7   -57.9   -27.5
   2.675 | 1  |         Comm Error         |            -           
   2.675 | 2  |    0.144    0.226    0.967 |    12.8    -7.9  -101.9
   2.675 | 3  |         Comm Error         |            -           
   2.675 | 4  |         Comm Error         |            -           
   2.675 | 5  |    0.965   -0.051    0.281 |    -9.3   -73.2   -21.8
   2.715 | 0  |    0.882   -0.035   -0.538 |  -176.6   -58.0   -27.6
   2.715 | 1  |         Comm Error         |            -           
   2.715 | 2  |    0.149    0.228    0.972 |    12.8    -8.0  -101.8
   2.715 | 3  |         Comm Error         |            -           
   2.715 | 4  |         Comm Error         |            -           
   2.715 | 5  |    0.965   -0.048    0.271 |    -9.3   -73.2   -21.8
   2.752 | 0  |    0.881   -0.038   -0.536 |  -176.5   -58.1   -27.8
   2.752 | 1  |         Comm Error         |            -           
   2.752 | 2  |    0.146    0.226    0.968 |    12.9    -8.1  -101.8
   2.752 | 3  |         Comm Error         |            -           
   2.752 | 4  |         Comm Error         |            -           
   2.752 | 5  |    0.963   -0.051    0.275 |    -9.4   -73.1   -21.7
   2.790 | 0  |    0.878   -0.038   -0.533 |  -176.4   -58.2   -28.0
   2.790 | 1  |         Comm Error         |            -           
   2.790 | 2  |    0.155    0.225    0.967 |    12.9    -8.3  -101.8
   2.790 | 3  |         Comm Error         |            -           
   2.790 | 4  |         Comm Error         |            -           
   2.790 | 5  |    0.966   -0.043    0.276 |    -9.4   -73.1   -21.8
   2.830 | 0  |    0.874   -0.038   -0.535 |  -176.3   -58.2   -28.1
   2.830 | 1  |         Comm Error         |            -           
   2.830 | 2  |    0.142    0.219    0.963 |    12.9    -8.3  -101.9
   2.830 | 3  |         Comm Error         |            -           
   2.830 | 4  |         Comm Error         |            -           
   2.830 | 5  |    0.966   -0.042    0.275 |    -9.2   -73.1   -21.9
   2.867 | 0  |    0.866   -0.038   -0.535 |  -176.3   -58.2   -28.2
   2.867 | 1  |         Comm Error         |            -           
   2.867 | 2  |    0.147    0.221    0.966 |    12.8    -8.3  -101.9
   2.867 | 3  |         Comm Error         |            -           
   2.867 | 4  |         Comm Error         |            -           
   2.867 | 5  |    0.963   -0.045    0.275 |    -9.1   -73.0   -22.0
   2.906 | 0  |    0.868   -0.033   -0.535 |  -176.4   -58.2   -28.1
   2.906 | 1  |         Comm Error         |            -           
   2.906 | 2  |    0.140    0.218    0.969 |    12.8    -8.3  -101.9
   2.906 | 3  |         Comm Error         |            -           
   2.906 | 4  |         Comm Error         |            -           
   2.906 | 5  |    0.964   -0.042    0.276 |    -9.0   -73.0   -22.0
   2.944 | 0  |    0.867   -0.029   -0.536 |  -176.5   -58.2   -28.0
   2.944 | 1  |         Comm Error         |            -           
   2.944 | 2  |    0.144    0.223    0.977 |    12.8    -8.3  -102.0
   2.944 | 3  |         Comm Error         |            -           
   2.944 | 4  |         Comm Error         |            -           
   2.944 | 5  |    0.963   -0.046    0.274 |    -8.9   -73.0   -22.0
   2.982 | 0  |    0.871   -0.027   -0.533 |  -176.6   -58.2   -27.9
   2.982 | 1  |         Comm Error         |            -           
   2.982 | 2  |    0.137    0.227    0.980 |    12.8    -8.2  -102.0
   2.982 | 3  |         Comm Error         |            -           
   2.982 | 4  |         Comm Error         |            -           
   2.982 | 5  |    0.963   -0.049    0.283 |    -9.1   -72.9   -21.9
   3.022 | 0  |    0.869   -0.026   -0.531 |  -176.6   -58.3   -27.9
   3.022 | 1  |         Comm Error         |            -           
   3.022 | 2  |    0.137    0.218    0.975 |    12.8    -8.2  -102.1
   3.022 | 3  |         Comm Error         |            -           
   3.022 | 4  |         Comm Error         |            -           
   3.022 | 5  |    0.967   -0.042    0.287 |    -8.9   -72.8   -22.0
   3.060 | 0  |    0.870   -0.029   -0.530 |  -176.6   -58.4   -28.0
   3.060 | 1  |         Comm Error         |            -           
   3.060 | 2  |    0.132    0.223    0.972 |    12.8    -8.1  -102.1
   3.060 | 3  |         Comm Error         |            -           
   3.060 | 4  |         Comm Error         |            -           
   3.060 | 5  |    0.966   -0.043    0.277 |    -8.8   -72.8   -22.1
   3.098 | 0  |    0.875   -0.031   -0.531 |  -176.5   -58.5   -28.1
   3.098 | 1  |         Comm Error         |            -           
   3.098 | 2  |    0.146    0.220    0.963 |    12.8    -8.2  -102.2
   3.098 | 3  |         Comm Error         |            -           
   3.098 | 4  |         Comm Error         |            -           
   3.098 | 5  |    0.960   -0.042    0.277 |    -8.8   -72.8   -22.2
   3.137 | 0  |    0.875   -0.037   -0.527 |  -176.3   -58.6   -28.4
   3.137 | 1  |         Comm Error         |            -           
   3.137 | 2  |    0.152    0.222    0.961 |    12.8    -8.3  -102.2
   3.137 | 3  |         Comm Error         |            -           
   3.137 | 4  |         Comm Error         |            -           
   3.137 | 5  |    0.961   -0.039    0.283 |    -8.6   -72.7   -22.4
   3.175 | 0  |    0.884   -0.039   -0.526 |  -176.1   -58.8   -28.6
   3.175 | 1  |         Comm Error         |            -           
   3.175 | 2  |    0.164    0.219    0.971 |    12.8    -8.5  -102.2
   3.175 | 3  |         Comm Error         |            -           
   3.175 | 4  |         Comm Error         |            -           
   3.175 | 5  |    0.964   -0.040    0.283 |    -8.4   -72.7   -22.6
   3.213 | 0  |    0.885   -0.037   -0.522 |  -176.0   -58.9   -28.7
   3.213 | 1  |         Comm Error         |            -           
   3.213 | 2  |    0.153    0.218    0.965 |    12.8    -8.6  -102.2
   3.213 | 3  |         Comm Error         |            -           
   3.213 | 4  |         Comm Error         |            -           
   3.213 | 5  |    0.960   -0.045    0.289 |    -8.4   -72.6   -22.6
   3.252 | 0  |    0.884   -0.036   -0.519 |  -176.1   -59.1   -28.8
   3.252 | 1  |         Comm Error         |            -           
   3.252 | 2  |    0.154    0.217    0.957 |    12.8    -8.7  -102.3
   3.252 | 3  |         Comm Error         |            -           
   3.252 | 4  |         Comm Error         |            -           
   3.252 | 5  |    0.957   -0.044    0.290 |    -8.5   -72.6   -22.6
   3.289 | 0  |    0.885   -0.033   -0.518 |  -176.1   -59.2   -28.8
   3.289 | 1  |         Comm Error         |            -           
   3.289 | 2  |    0.136    0.218    0.953 |    12.8    -8.6  -102.4
   3.289 | 3  |         Comm Error         |            -           
   3.289 | 4  |         Comm Error         |            -           
   3.289 | 5  |    0.961   -0.042    0.284 |    -8.4   -72.5   -22.6
   3.328 | 0  |    0.886   -0.033   -0.517 |  -176.1   -59.2   -28.8
   3.328 | 1  |         Comm Error         |            -           
   3.328 | 2  |    0.134    0.225    0.958 |    12.8    -8.5  -102.5
   3.328 | 3  |         Comm Error         |            -           
   3.328 | 4  |         Comm Error         |            -           
   3.328 | 5  |    0.961   -0.045    0.280 |    -8.6   -72.6   -22.5
   3.366 | 0  |    0.886   -0.035   -0.518 |  -176.1   -59.3   -28.9
   3.366 | 1  |         Comm Error         |            -           
   3.366 | 2  |    0.141    0.227    0.967 |    12.8    -8.4  -102.5
   3.366 | 3  |         Comm Error         |            -           
   3.366 | 4  |         Comm Error         |            -           
   3.366 | 5  |    0.959   -0.050    0.278 |    -8.9   -72.6   -22.3
   3.404 | 0  |    0.884   -0.037   -0.516 |  -175.9   -59.3   -29.1
   3.404 | 1  |         Comm Error         |            -           
   3.404 | 2  |    0.144    0.230    0.975 |    12.8    -8.4  -102.6
   3.404 | 3  |         Comm Error         |            -           
   3.404 | 4  |         Comm Error         |            -           
   3.404 | 5  |    0.963   -0.049    0.281 |    -9.0   -72.6   -22.1
   3.442 | 0  |    0.877   -0.040   -0.514 |  -175.8   -59.2   -29.3
   3.442 | 1  |         Comm Error         |            -           
   3.442 | 2  |    0.148    0.218    0.975 |    12.7    -8.3  -102.5
   3.442 | 3  |         Comm Error         |            -           
   3.442 | 4  |         Comm Error         |            -           
   3.442 | 5  |    0.964   -0.043    0.284 |    -9.0   -72.6   -22.2
   3.480 | 0  |    0.873   -0.045   -0.514 |  -175.5   -59.1   -29.7
   3.480 | 1  |         Comm Error         |            -           
   3.480 | 2  |    0.150    0.218    0.975 |    12.7    -8.4  -102.6
   3.480 | 3  |         Comm Error         |            -           
   3.480 | 4  |         Comm Error         |            -           
   3.480 | 5  |    0.962   -0.042    0.279 |    -8.9   -72.7   -22.3
   3.518 | 0  |    0.871   -0.044   -0.516 |  -175.3   -59.1   -29.9
   3.518 | 1  |         Comm Error         |            -           
   3.518 | 2  |    0.145    0.212    0.971 |    12.6    -8.3  -102.6
   3.518 | 3  |         Comm Error         |            -           
   3.518 | 4  |         Comm Error         |            -           
   3.518 | 5  |    0.965   -0.043    0.281 |    -8.8   -72.7   -22.3
   3.556 | 0  |    0.865   -0.045   -0.519 |  -175.2   -59.0   -30.0
   3.556 | 1  |         Comm Error         |            -           
   3.556 | 2  |    0.138    0.216    0.974 |    12.5    -8.2  -102.6
   3.556 | 3  |         Comm Error         |            -           
   3.556 | 4  |         Comm Error         |            -           
   3.556 | 5  |    0.966   -0.041    0.282 |    -8.7   -72.7   -22.5
   3.594 | 0  |    0.880   -0.049   -0.524 |  -175.0   -58.9   -30.3
   3.594 | 1  |         Comm Error         |            -           
   3.594 | 2  |    0.139    0.215    0.974 |    12.5    -8.2  -102.6
   3.594 | 3  |         Comm Error         |            -           
   3.594 | 4  |         Comm Error         |            -           
   3.594 | 5  |    0.960   -0.048    0.279 |    -8.8   -72.7   -22.4
   3.634 | 0  |    0.885   -0.052   -0.533 |  -174.9   -58.9   -30.4
   3.634 | 1  |         Comm Error         |            -           
   3.634 | 2  |    0.132    0.222    0.976 |    12.5    -8.1  -102.6
   3.634 | 3  |         Comm Error         |            -           
   3.634 | 4  |         Comm Error         |            -           
   3.634 | 5  |    0.961   -0.048    0.287 |    -8.9   -72.7   -22.3
   3.672 | 0  |    0.883   -0.053   -0.539 |  -174.8   -58.7   -30.4
   3.672 | 1  |         Comm Error         |            -           
   3.672 | 2  |    0.132    0.220    0.978 |    12.5    -8.0  -102.6
   3.672 | 3  |         Comm Error         |            -           
   3.672 | 4  |         Comm Error         |            -           
   3.672 | 5  |    0.964   -0.043    0.288 |    -8.9   -72.6   -22.3
   3.710 | 0  |    0.887   -0.052   -0.538 |  -174.8   -58.6   -30.5
   3.710 | 1  |         Comm Error         |            -           
   3.710 | 2  |    0.127    0.219    0.979 |    12.5    -7.8  -102.6
   3.710 | 3  |         Comm Error         |            -           
   3.710 | 4  |         Comm Error         |            -           
   3.710 | 5  |    0.964   -0.048    0.278 |    -8.9   -72.7   -22.3
   3.750 | 0  |    0.884   -0.045   -0.534 |  -174.9   -58.6   -30.3
   3.750 | 1  |         Comm Error         |            -           
   3.750 | 2  |    0.137    0.214    0.973 |    12.5    -7.8  -102.5
   3.750 | 3  |         Comm Error         |            -           
   3.750 | 4  |         Comm Error         |            -           
   3.750 | 5  |    0.961   -0.047    0.280 |    -9.1   -72.7   -22.1
   3.787 | 0  |    0.871   -0.044   -0.528 |  -175.0   -58.5   -30.3
   3.787 | 1  |         Comm Error         |            -           
   3.787 | 2  |    0.142    0.216    0.970 |    12.5    -7.8  -102.4
   3.787 | 3  |         Comm Error         |            -           
   3.787 | 4  |         Comm Error         |            -           
   3.787 | 5  |    0.963   -0.045    0.280 |    -9.1   -72.8   -22.0

----------------------------------------------------------------------------------------
Rel_Time(s)  | ID |  Accel_X  Accel_Y  Accel_Z |    Roll   Pitch     Yaw
----------------------------------------------------------------------------------------
   3.826 | 0  |    0.868   -0.043   -0.529 |  -175.1   -58.4   -30.2
   3.826 | 1  |         Comm Error         |            -           
   3.826 | 2  |    0.144    0.215    0.965 |    12.5    -7.9  -102.3
   3.826 | 3  |         Comm Error         |            -           
   3.826 | 4  |         Comm Error         |            -           
   3.826 | 5  |    0.967   -0.043    0.278 |    -9.1   -72.8   -22.0
   3.864 | 0  |    0.864   -0.039   -0.531 |  -175.2   -58.3   -30.0
   3.864 | 1  |         Comm Error         |            -           
   3.864 | 2  |    0.139    0.213    0.965 |    12.5    -7.9  -102.2
   3.864 | 3  |         Comm Error         |            -           
   3.864 | 4  |         Comm Error         |            -           
   3.864 | 5  |    0.962   -0.042    0.282 |    -9.1   -72.8   -22.0
   3.902 | 0  |    0.869   -0.039   -0.534 |  -175.3   -58.3   -29.9
   3.902 | 1  |         Comm Error         |            -           
   3.902 | 2  |    0.144    0.214    0.967 |    12.5    -7.9  -102.2
   3.902 | 3  |         Comm Error         |            -           
   3.902 | 4  |         Comm Error         |            -           
   3.902 | 5  |    0.963   -0.044    0.283 |    -9.0   -72.8   -22.1
   3.940 | 0  |    0.877   -0.040   -0.540 |  -175.4   -58.2   -29.8
   3.940 | 1  |         Comm Error         |            -           
   3.940 | 2  |    0.145    0.221    0.968 |    12.5    -8.0  -102.1
   3.940 | 3  |         Comm Error         |            -           
   3.940 | 4  |         Comm Error         |            -           
   3.940 | 5  |    0.967   -0.046    0.286 |    -9.0   -72.8   -22.0
   3.978 | 0  |    0.878   -0.044   -0.543 |  -175.4   -58.2   -29.8
   3.978 | 1  |         Comm Error         |            -           
   3.978 | 2  |    0.143    0.216    0.969 |    12.5    -8.1  -102.1
   3.978 | 3  |         Comm Error         |            -           
   3.978 | 4  |         Comm Error         |            -           
   3.978 | 5  |    0.963   -0.044    0.281 |    -9.0   -72.8   -22.0
   4.016 | 0  |    0.882   -0.045   -0.539 |  -175.3   -58.2   -29.8
   4.016 | 1  |         Comm Error         |            -           
   4.016 | 2  |    0.149    0.218    0.971 |    12.5    -8.2  -102.0
   4.016 | 3  |         Comm Error         |            -           
   4.016 | 4  |         Comm Error         |            -           
   4.016 | 5  |    0.962   -0.047    0.279 |    -9.0   -72.8   -22.0
   4.055 | 0  |    0.885   -0.042   -0.537 |  -175.3   -58.3   -29.8
   4.055 | 1  |         Comm Error         |            -           
   4.055 | 2  |    0.149    0.220    0.974 |    12.5    -8.2  -102.0
   4.055 | 3  |         Comm Error         |            -           
   4.055 | 4  |         Comm Error         |            -           
   4.055 | 5  |    0.964   -0.043    0.286 |    -8.9   -72.7   -22.0
   4.092 | 0  |    0.879   -0.045   -0.533 |  -175.3   -58.3   -29.8
   4.092 | 1  |         Comm Error         |            -           
   4.092 | 2  |    0.145    0.213    0.967 |    12.5    -8.3  -101.9
   4.092 | 3  |         Comm Error         |            -           
   4.092 | 4  |         Comm Error         |            -           
   4.092 | 5  |    0.969   -0.037    0.281 |    -8.7   -72.8   -22.2
   4.130 | 0  |    0.870   -0.046   -0.530 |  -175.2   -58.3   -29.8
   4.130 | 1  |         Comm Error         |            -           
   4.130 | 2  |    0.153    0.216    0.972 |    12.5    -8.3  -101.9
   4.130 | 3  |         Comm Error         |            -           
   4.130 | 4  |         Comm Error         |            -           
   4.130 | 5  |    0.961   -0.039    0.284 |    -8.6   -72.7   -22.4
   4.168 | 0  |    0.866   -0.039   -0.526 |  -175.4   -58.3   -29.7
   4.168 | 1  |         Comm Error         |            -           
   4.168 | 2  |    0.146    0.217    0.971 |    12.5    -8.3  -101.8
   4.168 | 3  |         Comm Error         |            -           
   4.168 | 4  |         Comm Error         |            -           
   4.168 | 5  |    0.963   -0.046    0.279 |    -8.6   -72.8   -22.3
   4.206 | 0  |    0.863   -0.034   -0.529 |  -175.6   -58.3   -29.5
   4.206 | 1  |         Comm Error         |            -           
   4.206 | 2  |    0.155    0.215    0.969 |    12.5    -8.5  -101.7
   4.206 | 3  |         Comm Error         |            -           
   4.206 | 4  |         Comm Error         |            -           
   4.206 | 5  |    0.964   -0.047    0.280 |    -8.8   -72.7   -22.2
   4.245 | 0  |    0.870   -0.037   -0.534 |  -175.7   -58.2   -29.4
   4.245 | 1  |         Comm Error         |            -           
   4.245 | 2  |    0.165    0.220    0.974 |    12.5    -8.6  -101.7
   4.245 | 3  |         Comm Error         |            -           
   4.245 | 4  |         Comm Error         |            -           
   4.245 | 5  |    0.962   -0.047    0.285 |    -8.9   -72.7   -22.1
   4.283 | 0  |    0.873   -0.041   -0.538 |  -175.7   -58.2   -29.4
   4.283 | 1  |         Comm Error         |            -           
   4.283 | 2  |    0.147    0.218    0.979 |    12.5    -8.6  -101.7
   4.283 | 3  |         Comm Error         |            -           
   4.283 | 4  |         Comm Error         |            -           
   4.283 | 5  |    0.962   -0.044    0.286 |    -8.9   -72.7   -22.1
   4.321 | 0  |    0.888   -0.046   -0.540 |  -175.6   -58.2   -29.6
   4.321 | 1  |         Comm Error         |            -           
   4.321 | 2  |    0.152    0.216    0.977 |    12.5    -8.7  -101.8
   4.321 | 3  |         Comm Error         |            -           
   4.321 | 4  |         Comm Error         |            -           
   4.321 | 5  |    0.965   -0.042    0.283 |    -8.8   -72.7   -22.2
   4.359 | 0  |    0.883   -0.043   -0.539 |  -175.5   -58.3   -29.7
   4.359 | 1  |         Comm Error         |            -           
   4.359 | 2  |    0.153    0.217    0.969 |    12.5    -8.7  -101.8
   4.359 | 3  |         Comm Error         |            -           
   4.359 | 4  |         Comm Error         |            -           
   4.359 | 5  |    0.962   -0.045    0.282 |    -8.8   -72.7   -22.2
   4.397 | 0  |    0.873   -0.036   -0.532 |  -175.5   -58.3   -29.7
   4.397 | 1  |         Comm Error         |            -           
   4.397 | 2  |    0.145    0.219    0.980 |    12.5    -8.6  -101.8
   4.397 | 3  |         Comm Error         |            -           
   4.397 | 4  |         Comm Error         |            -           
   4.397 | 5  |    0.966   -0.043    0.279 |    -8.9   -72.7   -22.1
   4.436 | 0  |    0.880   -0.039   -0.530 |  -175.6   -58.3   -29.7
   4.436 | 1  |         Comm Error         |            -           
   4.436 | 2  |    0.150    0.220    0.980 |    12.6    -8.5  -101.8
   4.436 | 3  |         Comm Error         |            -           
   4.436 | 4  |         Comm Error         |            -           
   4.436 | 5  |    0.963   -0.045    0.282 |    -8.9   -72.7   -22.1
   4.476 | 0  |    0.867   -0.044   -0.528 |  -175.5   -58.3   -29.8
   4.476 | 1  |         Comm Error         |            -           
   4.476 | 2  |    0.141    0.218    0.971 |    12.6    -8.4  -101.9
   4.476 | 3  |         Comm Error         |            -           
   4.476 | 4  |         Comm Error         |            -           
   4.476 | 5  |    0.966   -0.049    0.280 |    -9.0   -72.7   -22.0
   4.514 | 0  |    0.868   -0.048   -0.529 |  -175.4   -58.3   -30.0
   4.514 | 1  |         Comm Error         |            -           
   4.514 | 2  |    0.146    0.212    0.964 |    12.6    -8.4  -101.9
   4.514 | 3  |         Comm Error         |            -           
   4.514 | 4  |         Comm Error         |            -           
   4.514 | 5  |    0.961   -0.042    0.281 |    -9.1   -72.7   -21.9
   4.553 | 0  |    0.873   -0.047   -0.532 |  -175.2   -58.3   -30.2
   4.553 | 1  |         Comm Error         |            -           
   4.553 | 2  |    0.146    0.218    0.958 |    12.6    -8.4  -101.9
   4.553 | 3  |         Comm Error         |            -           
   4.553 | 4  |         Comm Error         |            -           
   4.553 | 5  |    0.962   -0.047    0.285 |    -9.1   -72.8   -21.9
   4.592 | 0  |    0.873   -0.046   -0.532 |  -175.2   -58.3   -30.3
   4.592 | 1  |         Comm Error         |            -           
   4.592 | 2  |    0.143    0.213    0.960 |    12.6    -8.3  -101.9
   4.592 | 3  |         Comm Error         |            -           
   4.592 | 4  |         Comm Error         |            -           
   4.592 | 5  |    0.964   -0.047    0.277 |    -9.2   -72.8   -21.8
   4.630 | 0  |    0.870   -0.045   -0.529 |  -175.1   -58.3   -30.4
   4.630 | 1  |         Comm Error         |            -           
   4.630 | 2  |    0.145    0.218    0.960 |    12.6    -8.4  -101.9
   4.630 | 3  |         Comm Error         |            -           
   4.630 | 4  |         Comm Error         |            -           
   4.630 | 5  |    0.960   -0.049    0.274 |    -9.3   -72.8   -21.7
   4.669 | 0  |    0.873   -0.043   -0.531 |  -175.0   -58.3   -30.5
   4.669 | 1  |         Comm Error         |            -           
   4.669 | 2  |    0.139    0.220    0.968 |    12.6    -8.3  -102.0
   4.669 | 3  |         Comm Error         |            -           
   4.669 | 4  |         Comm Error         |            -           
   4.669 | 5  |    0.962   -0.047    0.282 |    -9.3   -72.8   -21.7
   4.707 | 0  |    0.875   -0.045   -0.534 |  -175.0   -58.3   -30.6
   4.707 | 1  |         Comm Error         |            -           
   4.707 | 2  |    0.140    0.217    0.971 |    12.6    -8.2  -102.0
   4.707 | 3  |         Comm Error         |            -           
   4.707 | 4  |         Comm Error         |            -           
   4.707 | 5  |    0.969   -0.044    0.277 |    -9.3   -72.8   -21.8
   4.745 | 0  |    0.874   -0.056   -0.536 |  -174.8   -58.2   -30.8
   4.745 | 1  |         Comm Error         |            -           
   4.745 | 2  |    0.135    0.217    0.974 |    12.6    -8.1  -102.1
   4.745 | 3  |         Comm Error         |            -           
   4.745 | 4  |         Comm Error         |            -           
   4.745 | 5  |    0.965   -0.046    0.279 |    -9.2   -72.8   -21.8
   4.783 | 0  |    0.869   -0.061   -0.537 |  -174.6   -58.1   -31.1
   4.783 | 1  |         Comm Error         |            -           
   4.783 | 2  |    0.133    0.217    0.974 |    12.5    -8.0  -102.1
   4.783 | 3  |         Comm Error         |            -           
   4.783 | 4  |         Comm Error         |            -           
   4.783 | 5  |    0.966   -0.050    0.277 |    -9.3   -72.8   -21.7
   4.821 | 0  |    0.871   -0.059   -0.538 |  -174.4   -58.1   -31.3
   4.821 | 1  |         Comm Error         |            -           
   4.821 | 2  |    0.136    0.216    0.972 |    12.5    -8.0  -102.0
   4.821 | 3  |         Comm Error         |            -           
   4.821 | 4  |         Comm Error         |            -           
   4.821 | 5  |    0.967   -0.048    0.283 |    -9.4   -72.8   -21.7
   4.860 | 0  |    0.875   -0.052   -0.541 |  -174.4   -58.1   -31.3
   4.860 | 1  |         Comm Error         |            -           
   4.860 | 2  |    0.135    0.215    0.973 |    12.5    -8.0  -102.0
   4.860 | 3  |         Comm Error         |            -           
   4.860 | 4  |         Comm Error         |            -           
   4.860 | 5  |    0.964   -0.052    0.279 |    -9.5   -72.8   -21.5
   4.898 | 0  |    0.871   -0.051   -0.540 |  -174.4   -58.1   -31.3
   4.898 | 1  |         Comm Error         |            -           
   4.898 | 2  |    0.126    0.221    0.976 |    12.5    -7.9  -102.1
   4.898 | 3  |         Comm Error         |            -           
   4.898 | 4  |         Comm Error         |            -           
   4.898 | 5  |    0.967   -0.049    0.281 |    -9.6   -72.8   -21.4
   4.936 | 0  |    0.875   -0.047   -0.539 |  -174.4   -58.1   -31.2
   4.936 | 1  |         Comm Error         |            -           
   4.936 | 2  |    0.131    0.219    0.974 |    12.5    -7.8  -102.0
   4.936 | 3  |         Comm Error         |            -           
   4.936 | 4  |         Comm Error         |            -           
   4.936 | 5  |    0.967   -0.047    0.280 |    -9.6   -72.8   -21.5
   4.974 | 0  |    0.874   -0.048   -0.536 |  -174.5   -58.2   -31.1
   4.974 | 1  |         Comm Error         |            -           
   4.974 | 2  |    0.143    0.223    0.975 |    12.6    -7.8  -101.9
   4.974 | 3  |         Comm Error         |            -           
   4.974 | 4  |         Comm Error         |            -           
   4.974 | 5  |    0.959   -0.053    0.275 |    -9.8   -72.8   -21.3
   5.012 | 0  |    0.870   -0.047   -0.532 |  -174.6   -58.2   -31.1
   5.012 | 1  |         Comm Error         |            -           
   5.012 | 2  |    0.145    0.218    0.968 |    12.6    -7.9  -101.9
   5.012 | 3  |         Comm Error         |            -           
   5.012 | 4  |         Comm Error         |            -           
   5.012 | 5  |    0.964   -0.051    0.280 |    -9.8   -72.8   -21.3
   5.050 | 0  |    0.869   -0.050   -0.530 |  -174.6   -58.3   -31.1
   5.050 | 1  |         Comm Error         |            -           
   5.050 | 2  |    0.150    0.214    0.964 |    12.5    -8.0  -101.8
   5.050 | 3  |         Comm Error         |            -           
   5.050 | 4  |         Comm Error         |            -           
   5.050 | 5  |    0.968   -0.050    0.279 |    -9.9   -72.8   -21.2
   5.088 | 0  |    0.871   -0.053   -0.531 |  -174.5   -58.3   -31.3
   5.088 | 1  |         Comm Error         |            -           
   5.088 | 2  |    0.152    0.215    0.958 |    12.5    -8.1  -101.8
   5.088 | 3  |         Comm Error         |            -           
   5.088 | 4  |         Comm Error         |            -           
   5.088 | 5  |    0.961   -0.048    0.281 |    -9.8   -72.8   -21.2
   5.126 | 0  |    0.873   -0.053   -0.531 |  -174.4   -58.4   -31.4
   5.126 | 1  |         Comm Error         |            -           
   5.126 | 2  |    0.154    0.219    0.963 |    12.5    -8.2  -101.8
   5.126 | 3  |         Comm Error         |            -           
   5.126 | 4  |         Comm Error         |            -           
   5.126 | 5  |    0.961   -0.048    0.282 |    -9.7   -72.8   -21.3
   5.164 | 0  |    0.880   -0.052   -0.533 |  -174.3   -58.5   -31.4
   5.164 | 1  |         Comm Error         |            -           
   5.164 | 2  |    0.148    0.215    0.966 |    12.5    -8.3  -101.8
   5.164 | 3  |         Comm Error         |            -           
   5.164 | 4  |         Comm Error         |            -           
   5.164 | 5  |    0.964   -0.054    0.285 |    -9.7   -72.8   -21.3
   5.202 | 0  |    0.881   -0.049   -0.531 |  -174.4   -58.5   -31.4
   5.202 | 1  |         Comm Error         |            -           
   5.202 | 2  |    0.148    0.218    0.975 |    12.4    -8.3  -101.8
   5.202 | 3  |         Comm Error         |            -           
   5.202 | 4  |         Comm Error         |            -           
   5.202 | 5  |    0.966   -0.051    0.277 |    -9.8   -72.8   -21.2
   5.240 | 0  |    0.880   -0.049   -0.526 |  -174.4   -58.7   -31.4
   5.240 | 1  |         Comm Error         |            -           
   5.240 | 2  |    0.145    0.221    0.987 |    12.4    -8.3  -101.8
   5.240 | 3  |         Comm Error         |            -           
   5.240 | 4  |         Comm Error         |            -           
   5.240 | 5  |    0.963   -0.048    0.276 |    -9.8   -72.8   -21.2
   5.279 | 0  |    0.875   -0.048   -0.524 |  -174.4   -58.7   -31.4
   5.279 | 1  |         Comm Error         |            -           
   5.279 | 2  |    0.146    0.222    0.983 |    12.5    -8.3  -101.8
   5.279 | 3  |         Comm Error         |            -           
   5.279 | 4  |         Comm Error         |            -           
   5.279 | 5  |    0.968   -0.047    0.282 |    -9.7   -72.8   -21.2
   5.318 | 0  |    0.875   -0.051   -0.523 |  -174.2   -58.8   -31.6
   5.318 | 1  |         Comm Error         |            -           
   5.318 | 2  |    0.139    0.213    0.975 |    12.5    -8.2  -101.9
   5.318 | 3  |         Comm Error         |            -           
   5.318 | 4  |         Comm Error         |            -           
   5.318 | 5  |    0.969   -0.047    0.276 |    -9.6   -72.9   -21.3
   5.355 | 0  |    0.876   -0.063   -0.523 |  -174.0   -58.8   -31.9
   5.355 | 1  |         Comm Error         |            -           
   5.355 | 2  |    0.139    0.213    0.963 |    12.5    -8.2  -101.9
   5.355 | 3  |         Comm Error         |            -           
   5.355 | 4  |         Comm Error         |            -           
   5.355 | 5  |    0.960   -0.048    0.276 |    -9.6   -72.9   -21.3
   5.395 | 0  |    0.877   -0.067   -0.521 |  -173.7   -58.9   -32.2
   5.395 | 1  |         Comm Error         |            -           
   5.395 | 2  |    0.140    0.211    0.957 |    12.5    -8.2  -101.9
   5.395 | 3  |         Comm Error         |            -           
   5.395 | 4  |         Comm Error         |            -           
   5.395 | 5  |    0.958   -0.046    0.277 |    -9.6   -72.9   -21.3
   5.432 | 0  |    0.881   -0.066   -0.519 |  -173.5   -59.0   -32.4
   5.432 | 1  |         Comm Error         |            -           
   5.432 | 2  |    0.139    0.212    0.957 |    12.4    -8.2  -101.9
   5.432 | 3  |         Comm Error         |            -           
   5.432 | 4  |         Comm Error         |            -           
   5.432 | 5  |    0.965   -0.047    0.278 |    -9.5   -72.9   -21.4
   5.471 | 0  |    0.880   -0.059   -0.521 |  -173.5   -59.0   -32.4
   5.471 | 1  |         Comm Error         |            -           
   5.471 | 2  |    0.133    0.212    0.961 |    12.4    -8.2  -101.9
   5.471 | 3  |         Comm Error         |            -           
   5.471 | 4  |         Comm Error         |            -           
   5.471 | 5  |    0.961   -0.049    0.278 |    -9.5   -72.9   -21.3
   5.509 | 0  |    0.884   -0.054   -0.522 |  -173.6   -59.1   -32.2
   5.509 | 1  |         Comm Error         |            -           
   5.509 | 2  |    0.135    0.212    0.973 |    12.3    -8.2  -101.8
   5.509 | 3  |         Comm Error         |            -           
   5.509 | 4  |         Comm Error         |            -           
   5.509 | 5  |    0.960   -0.046    0.283 |    -9.4   -72.8   -21.3
   5.546 | 0  |    0.886   -0.054   -0.522 |  -173.7   -59.1   -32.1
   5.546 | 1  |         Comm Error         |            -           
   5.546 | 2  |    0.138    0.210    0.976 |    12.2    -8.1  -101.8
   5.546 | 3  |         Comm Error         |            -           
   5.546 | 4  |         Comm Error         |            -           
   5.546 | 5  |    0.967   -0.047    0.273 |    -9.3   -72.8   -21.3
   5.585 | 0  |    0.882   -0.055   -0.522 |  -173.8   -59.2   -32.0
   5.585 | 1  |         Comm Error         |            -           
   5.585 | 2  |    0.138    0.212    0.980 |    12.2    -8.1  -101.7
   5.585 | 3  |         Comm Error         |            -           
   5.585 | 4  |         Comm Error         |            -           
   5.585 | 5  |    0.964   -0.046    0.277 |    -9.3   -72.9   -21.3
   5.622 | 0  |    0.877   -0.050   -0.518 |  -174.0   -59.2   -31.9
   5.622 | 1  |         Comm Error         |            -           
   5.622 | 2  |    0.143    0.212    0.984 |    12.1    -8.1  -101.7
   5.622 | 3  |         Comm Error         |            -           
   5.622 | 4  |         Comm Error         |            -           
   5.622 | 5  |    0.966   -0.043    0.277 |    -9.2   -72.9   -21.4
   5.661 | 0  |    0.883   -0.047   -0.517 |  -174.1   -59.2   -31.7
   5.661 | 1  |         Comm Error         |            -           
   5.661 | 2  |    0.146    0.213    0.981 |    12.1    -8.1  -101.6
   5.661 | 3  |         Comm Error         |            -           
   5.661 | 4  |         Comm Error         |            -           
   5.661 | 5  |    0.964   -0.048    0.276 |    -9.2   -72.9   -21.4
   5.700 | 0  |    0.882   -0.045   -0.520 |  -174.2   -59.3   -31.6
   5.700 | 1  |         Comm Error         |            -           
   5.700 | 2  |    0.156    0.212    0.979 |    12.1    -8.2  -101.5
   5.700 | 3  |         Comm Error         |            -           
   5.700 | 4  |         Comm Error         |            -           
   5.700 | 5  |    0.964   -0.045    0.280 |    -9.1   -72.9   -21.4
   5.738 | 0  |    0.878   -0.052   -0.520 |  -174.3   -59.2   -31.6
   5.738 | 1  |         Comm Error         |            -           
   5.738 | 2  |    0.153    0.209    0.973 |    12.1    -8.3  -101.5
   5.738 | 3  |         Comm Error         |            -           
   5.738 | 4  |         Comm Error         |            -           
   5.738 | 5  |    0.964   -0.041    0.280 |    -8.9   -72.9   -21.5
   5.777 | 0  |    0.884   -0.055   -0.515 |  -174.2   -59.3   -31.6
   5.777 | 1  |         Comm Error         |            -           
   5.777 | 2  |    0.154    0.209    0.973 |    12.1    -8.4  -101.5
   5.777 | 3  |         Comm Error         |            -           
   5.777 | 4  |         Comm Error         |            -           
   5.777 | 5  |    0.964   -0.044    0.281 |    -8.9   -72.9   -21.5
   5.815 | 0  |    0.890   -0.056   -0.514 |  -174.1   -59.4   -31.7
   5.815 | 1  |         Comm Error         |            -           
   5.815 | 2  |    0.159    0.215    0.969 |    12.1    -8.5  -101.5
   5.815 | 3  |         Comm Error         |            -           
   5.815 | 4  |         Comm Error         |            -           
   5.815 | 5  |    0.961   -0.044    0.273 |    -8.9   -72.9   -21.5
   5.852 | 0  |    0.888   -0.051   -0.510 |  -174.1   -59.5   -31.7
   5.852 | 1  |         Comm Error         |            -           
   5.852 | 2  |    0.147    0.212    0.970 |    12.1    -8.5  -101.5
   5.852 | 3  |         Comm Error         |            -           
   5.852 | 4  |         Comm Error         |            -           
   5.852 | 5  |    0.963   -0.045    0.276 |    -8.8   -72.9   -21.5
   5.890 | 0  |    0.885   -0.050   -0.508 |  -174.1   -59.5   -31.7
   5.890 | 1  |         Comm Error         |            -           
   5.890 | 2  |    0.149    0.209    0.969 |    12.1    -8.5  -101.5
   5.890 | 3  |         Comm Error         |            -           
   5.890 | 4  |         Comm Error         |            -           
   5.890 | 5  |    0.962   -0.043    0.282 |    -8.8   -72.9   -21.5
   5.928 | 0  |    0.886   -0.055   -0.509 |  -174.1   -59.5   -31.8
   5.928 | 1  |         Comm Error         |            -           
   5.928 | 2  |    0.145    0.212    0.965 |    12.1    -8.5  -101.5
   5.928 | 3  |         Comm Error         |            -           
   5.928 | 4  |         Comm Error         |            -           
   5.928 | 5  |    0.962   -0.041    0.280 |    -8.7   -72.9   -21.6
   5.966 | 0  |    0.885   -0.057   -0.511 |  -174.0   -59.5   -31.8
   5.966 | 1  |         Comm Error         |            -           
   5.966 | 2  |    0.146    0.209    0.973 |    12.1    -8.5  -101.5
   5.966 | 3  |         Comm Error         |            -           
   5.966 | 4  |         Comm Error         |            -           
   5.966 | 5  |    0.963   -0.044    0.277 |    -8.6   -72.9   -21.7
   6.005 | 0  |    0.884   -0.056   -0.513 |  -174.0   -59.4   -31.9
   6.005 | 1  |         Comm Error         |            -           
   6.005 | 2  |    0.143    0.212    0.970 |    12.1    -8.4  -101.4
   6.005 | 3  |         Comm Error         |            -           
   6.005 | 4  |         Comm Error         |            -           
   6.005 | 5  |    0.966   -0.046    0.282 |    -8.7   -72.9   -21.6
   6.043 | 0  |    0.877   -0.057   -0.514 |  -174.0   -59.3   -31.9
   6.043 | 1  |         Comm Error         |            -           
   6.043 | 2  |    0.149    0.207    0.967 |    12.1    -8.4  -101.4
   6.043 | 3  |         Comm Error         |            -           
   6.043 | 4  |         Comm Error         |            -           
   6.043 | 5  |    0.963   -0.044    0.282 |    -8.7   -72.8   -21.6
   6.082 | 0  |    0.876   -0.055   -0.517 |  -174.0   -59.2   -31.9
   6.082 | 1  |         Comm Error         |            -           
   6.082 | 2  |    0.146    0.211    0.967 |    12.1    -8.4  -101.4
   6.082 | 3  |         Comm Error         |            -           
   6.082 | 4  |         Comm Error         |            -           
   6.082 | 5  |    0.963   -0.042    0.287 |    -8.7   -72.8   -21.7
   6.120 | 0  |    0.888   -0.053   -0.524 |  -174.0   -59.2   -31.9
   6.120 | 1  |         Comm Error         |            -           
   6.120 | 2  |    0.149    0.208    0.967 |    12.1    -8.4  -101.4
   6.120 | 3  |         Comm Error         |            -           
   6.120 | 4  |         Comm Error         |            -           
   6.120 | 5  |    0.962   -0.041    0.284 |    -8.6   -72.7   -21.7
   6.158 | 0  |    0.885   -0.055   -0.526 |  -174.1   -59.1   -31.9
   6.158 | 1  |         Comm Error         |            -           
   6.158 | 2  |    0.150    0.207    0.968 |    12.1    -8.5  -101.4
   6.158 | 3  |         Comm Error         |            -           
   6.158 | 4  |         Comm Error         |            -           
   6.158 | 5  |    0.964   -0.044    0.282 |    -8.6   -72.7   -21.7
   6.196 | 0  |    0.882   -0.054   -0.524 |  -174.1   -59.0   -31.9
   6.196 | 1  |         Comm Error         |            -           
   6.196 | 2  |    0.153    0.211    0.975 |    12.0    -8.5  -101.4
   6.196 | 3  |         Comm Error         |            -           
   6.196 | 4  |         Comm Error         |            -           
   6.196 | 5  |    0.964   -0.041    0.283 |    -8.6   -72.7   -21.7
   6.234 | 0  |    0.882   -0.051   -0.523 |  -174.2   -59.0   -31.9
   6.234 | 1  |         Comm Error         |            -           
   6.234 | 2  |    0.147    0.212    0.980 |    12.0    -8.5  -101.3
   6.234 | 3  |         Comm Error         |            -           
   6.234 | 4  |         Comm Error         |            -           
   6.234 | 5  |    0.963   -0.043    0.282 |    -8.6   -72.7   -21.8
   6.272 | 0  |    0.880   -0.048   -0.522 |  -174.3   -59.0   -31.8
   6.272 | 1  |         Comm Error         |            -           
   6.272 | 2  |    0.153    0.209    0.981 |    12.0    -8.5  -101.3
   6.272 | 3  |         Comm Error         |            -           
   6.272 | 4  |         Comm Error         |            -           
   6.272 | 5  |    0.965   -0.044    0.278 |    -8.7   -72.8   -21.8
   6.311 | 0  |    0.880   -0.051   -0.520 |  -174.3   -59.0   -31.8
   6.311 | 1  |         Comm Error         |            -           
   6.311 | 2  |    0.145    0.206    0.978 |    12.0    -8.4  -101.3
   6.311 | 3  |         Comm Error         |            -           
   6.311 | 4  |         Comm Error         |            -           
   6.311 | 5  |    0.964   -0.042    0.284 |    -8.6   -72.8   -21.8
   6.349 | 0  |    0.876   -0.053   -0.521 |  -174.4   -59.0   -31.9
   6.349 | 1  |         Comm Error         |            -           
   6.349 | 2  |    0.154    0.203    0.966 |    12.0    -8.5  -101.3
   6.349 | 3  |         Comm Error         |            -           
   6.349 | 4  |         Comm Error         |            -           
   6.349 | 5  |    0.963   -0.044    0.283 |    -8.6   -72.8   -21.8
   6.386 | 0  |    0.877   -0.052   -0.521 |  -174.4   -59.0   -31.9
   6.386 | 1  |         Comm Error         |            -           
   6.386 | 2  |    0.147    0.204    0.962 |    12.0    -8.5  -101.3
   6.386 | 3  |         Comm Error         |            -           
   6.386 | 4  |         Comm Error         |            -           
   6.386 | 5  |    0.962   -0.045    0.273 |    -8.8   -72.8   -21.8
   6.424 | 0  |    0.878   -0.049   -0.517 |  -174.4   -59.0   -31.9
   6.424 | 1  |         Comm Error         |            -           
   6.424 | 2  |    0.150    0.204    0.967 |    12.0    -8.5  -101.3
   6.424 | 3  |         Comm Error         |            -           
   6.424 | 4  |         Comm Error         |            -           
   6.424 | 5  |    0.963   -0.043    0.273 |    -8.8   -72.9   -21.7
   6.462 | 0  |    0.879   -0.049   -0.522 |  -174.5   -59.0   -31.9
   6.462 | 1  |         Comm Error         |            -           
   6.462 | 2  |    0.144    0.208    0.966 |    11.9    -8.5  -101.4
   6.462 | 3  |         Comm Error         |            -           
   6.462 | 4  |         Comm Error         |            -           
   6.462 | 5  |    0.963   -0.040    0.286 |    -8.7   -72.8   -21.8
   6.501 | 0  |    0.876   -0.049   -0.525 |  -174.6   -58.9   -31.9
   6.501 | 1  |         Comm Error         |            -           
   6.501 | 2  |    0.140    0.201    0.968 |    11.8    -8.4  -101.4
   6.501 | 3  |         Comm Error         |            -           
   6.501 | 4  |         Comm Error         |            -           
   6.501 | 5  |    0.965   -0.040    0.278 |    -8.5   -72.8   -22.0
   6.539 | 0  |    0.879   -0.055   -0.527 |  -174.5   -58.8   -32.0
   6.539 | 1  |         Comm Error         |            -           
   6.539 | 2  |    0.145    0.205    0.977 |    11.8    -8.4  -101.4
   6.539 | 3  |         Comm Error         |            -           
   6.539 | 4  |         Comm Error         |            -           
   6.539 | 5  |    0.963   -0.042    0.278 |    -8.5   -72.8   -22.1
   6.578 | 0  |    0.881   -0.051   -0.526 |  -174.4   -58.8   -32.0
   6.578 | 1  |         Comm Error         |            -           
   6.578 | 2  |    0.141    0.208    0.988 |    11.7    -8.4  -101.4
   6.578 | 3  |         Comm Error         |            -           
   6.578 | 4  |         Comm Error         |            -           
   6.578 | 5  |    0.969   -0.042    0.280 |    -8.5   -72.8   -22.1
   6.617 | 0  |    0.877   -0.047   -0.524 |  -174.5   -58.8   -32.0
   6.617 | 1  |         Comm Error         |            -           
   6.617 | 2  |    0.144    0.208    0.986 |    11.7    -8.3  -101.4
   6.617 | 3  |         Comm Error         |            -           
   6.617 | 4  |         Comm Error         |            -           
   6.617 | 5  |    0.968   -0.041    0.281 |    -8.4   -72.8   -22.1
   6.655 | 0  |    0.878   -0.048   -0.522 |  -174.5   -58.9   -32.0
   6.655 | 1  |         Comm Error         |            -           
   6.655 | 2  |    0.151    0.206    0.986 |    11.7    -8.4  -101.4
   6.655 | 3  |         Comm Error         |            -           
   6.655 | 4  |         Comm Error         |            -           
   6.655 | 5  |    0.962   -0.043    0.276 |    -8.5   -72.9   -22.0
   6.693 | 0  |    0.884   -0.050   -0.523 |  -174.5   -58.9   -32.1
   6.693 | 1  |         Comm Error         |            -           
   6.693 | 2  |    0.139    0.202    0.980 |    11.7    -8.3  -101.4
   6.693 | 3  |         Comm Error         |            -           
   6.693 | 4  |         Comm Error         |            -           
   6.693 | 5  |    0.964   -0.041    0.282 |    -8.5   -72.8   -22.1
   6.730 | 0  |    0.877   -0.056   -0.525 |  -174.4   -58.8   -32.1
   6.730 | 1  |         Comm Error         |            -           
   6.730 | 2  |    0.153    0.203    0.964 |    11.8    -8.4  -101.4
   6.730 | 3  |         Comm Error         |            -           
   6.730 | 4  |         Comm Error         |            -           
   6.730 | 5  |    0.965   -0.042    0.279 |    -8.4   -72.8   -22.1
