
IMU Data Stream (50Hz)

----------------------------------------------------------------------------------------
Rel_Time(s)  | ID |  Accel_X  Accel_Y  Accel_Z |    Roll   Pitch     Yaw
----------------------------------------------------------------------------------------
    0.000 | 1  |    0.986   -0.165    0.119 |    -51.9    -77.3    154.9
    0.000 | 2  |    1.003    0.078    0.071 |     46.5    -82.1   -172.3
    0.000 | 3  |    0.997   -0.017    0.237 |     -3.3    -75.6    122.9
    0.000 | 4  |    1.009    0.001   -0.005 |    -55.4    -85.3     51.5
    0.000 | 5  |    1.020   -0.067   -0.121 |   -150.3    -81.0     15.2
    0.035 | 1  |    0.985   -0.170    0.119 |    -52.3    -77.2    155.3
    0.035 | 2  |    1.015    0.082    0.067 |     46.7    -82.1   -172.6
    0.035 | 3  |    0.995   -0.015    0.234 |     -3.3    -75.6    123.0
    0.035 | 4  |    1.008    0.001   -0.003 |    -55.8    -85.3     51.0
    0.035 | 5  |    1.024   -0.063   -0.125 |   -150.3    -81.0     15.2
    0.068 | 1  |    0.987   -0.164    0.118 |    -52.4    -77.3    155.4
    0.068 | 2  |    1.004    0.083    0.072 |     46.5    -82.1   -172.4
    0.068 | 3  |    0.996   -0.015    0.235 |     -3.3    -75.7    122.9
    0.068 | 4  |    1.010    0.002   -0.001 |    -52.1    -85.3     47.7
    0.068 | 5  |    1.023   -0.067   -0.126 |   -150.3    -81.0     15.0
    0.102 | 1  |    0.985   -0.165    0.120 |    -52.4    -77.3    155.4
    0.102 | 2  |    0.999    0.084    0.071 |     46.4    -82.1   -172.3
    0.102 | 3  |    0.995   -0.019    0.234 |     -3.4    -75.7    123.1
    0.102 | 4  |    1.009    0.000   -0.005 |    -54.0    -85.3     48.6
    0.102 | 5  |    1.021   -0.070   -0.118 |   -150.0    -81.0     14.7
    0.137 | 1  |    0.982   -0.165    0.119 |    -52.4    -77.3    155.4
    0.137 | 2  |    0.995    0.085    0.075 |     46.3    -82.1   -172.2
    0.137 | 3  |    0.994   -0.010    0.231 |     -3.4    -75.7    123.0
    0.137 | 4  |    1.008   -0.002   -0.004 |    -59.3    -85.3     52.8
    0.137 | 5  |    1.022   -0.065   -0.119 |   -149.7    -81.0     14.3
    0.171 | 1  |    0.987   -0.161    0.118 |    -52.5    -77.3    155.6
    0.171 | 2  |    0.994    0.086    0.074 |     46.4    -82.1   -172.2
    0.171 | 3  |    0.994   -0.011    0.235 |     -3.3    -75.7    122.9
    0.171 | 4  |    1.009   -0.001   -0.002 |    -58.8    -85.3     51.8
    0.171 | 5  |    1.022   -0.071   -0.127 |   -149.6    -81.0     14.1
    0.205 | 1  |    0.984   -0.166    0.117 |    -52.7    -77.4    155.7
    0.205 | 2  |    0.990    0.081    0.071 |     46.3    -82.1   -172.1
    0.205 | 3  |    0.996   -0.017    0.238 |     -3.4    -75.7    123.0
    0.205 | 4  |    1.009   -0.000   -0.002 |    -57.3    -85.3     50.1
    0.205 | 5  |    1.023   -0.068   -0.121 |   -149.4    -81.0     13.9
    0.240 | 1  |    0.985   -0.166    0.116 |    -52.9    -77.4    155.9
    0.240 | 2  |    0.999    0.081    0.073 |     46.2    -82.1   -172.0
    0.240 | 3  |    0.997   -0.014    0.236 |     -3.4    -75.7    123.0
    0.240 | 4  |    1.010    0.001   -0.003 |    -56.0    -85.3     48.7
    0.240 | 5  |    1.022   -0.072   -0.123 |   -149.2    -81.0     13.6
    0.274 | 1  |    0.987   -0.163    0.114 |    -53.1    -77.4    156.1
    0.274 | 2  |    1.000    0.083    0.069 |     46.2    -82.1   -172.0
    0.274 | 3  |    0.997   -0.016    0.237 |     -3.5    -75.7    123.0
    0.274 | 4  |    1.009   -0.000   -0.003 |    -57.6    -85.3     50.0
    0.274 | 5  |    1.021   -0.067   -0.120 |   -149.0    -81.0     13.4
    0.308 | 1  |    0.987   -0.165    0.112 |    -53.3    -77.4    156.4
    0.308 | 2  |    1.006    0.083    0.073 |     46.3    -82.1   -172.1
    0.308 | 3  |    0.995   -0.017    0.235 |     -3.5    -75.7    123.1
    0.308 | 4  |    1.009    0.000   -0.003 |    -56.6    -85.3     49.6
    0.308 | 5  |    1.022   -0.069   -0.122 |   -148.8    -81.0     13.2
    0.343 | 1  |    0.987   -0.164    0.116 |    -53.5    -77.4    156.5
    0.343 | 2  |    1.008    0.084    0.072 |     46.3    -82.0   -172.1
    0.343 | 3  |    0.996   -0.016    0.238 |     -3.6    -75.7    123.1
    0.343 | 4  |    1.005    0.002   -0.004 |    -56.7    -85.3     49.2
    0.343 | 5  |    1.024   -0.068   -0.121 |   -148.8    -81.0     13.1
    0.377 | 1  |    0.991   -0.163    0.122 |    -53.4    -77.4    156.5
    0.377 | 2  |    0.999    0.084    0.075 |     46.1    -82.0   -171.8
    0.377 | 3  |    0.996   -0.014    0.236 |     -3.6    -75.7    123.2
    0.377 | 4  |    1.011   -0.008   -0.002 |    -58.9    -85.3     51.0
    0.377 | 5  |    1.018   -0.073   -0.119 |   -148.5    -81.0     12.7
    0.411 | 1  |    0.985   -0.161    0.122 |    -53.3    -77.4    156.3
    0.411 | 2  |    0.995    0.087    0.076 |     46.0    -82.0   -171.7
    0.411 | 3  |    0.997   -0.018    0.235 |     -3.7    -75.7    123.2
    0.411 | 4  |    1.010   -0.009   -0.000 |    -62.1    -85.3     53.1
    0.411 | 5  |    1.020   -0.068   -0.115 |   -148.5    -81.1     12.7
    0.445 | 1  |    0.982   -0.167    0.126 |    -52.9    -77.4    156.0
    0.445 | 2  |    1.002    0.083    0.082 |     45.4    -81.9   -171.0
    0.445 | 3  |    0.994   -0.022    0.237 |     -3.9    -75.7    123.4
    0.445 | 4  |    1.008    0.009   -0.002 |    -54.4    -85.3     46.2
    0.445 | 5  |    1.022   -0.070   -0.118 |   -148.5    -81.1     12.7
    0.479 | 1  |    0.980   -0.168    0.125 |    -52.8    -77.4    155.8
    0.479 | 2  |    0.999    0.078    0.084 |     44.8    -81.9   -170.3
    0.479 | 3  |    0.996   -0.016    0.236 |     -3.9    -75.7    123.4
    0.479 | 4  |    1.011    0.003   -0.005 |    -51.4    -85.3     44.3
    0.479 | 5  |    1.022   -0.069   -0.120 |   -148.5    -81.1     12.8
    0.514 | 1  |    0.984   -0.169    0.125 |    -52.9    -77.3    156.0
    0.514 | 2  |    1.001    0.082    0.080 |     44.4    -81.9   -169.9
    0.514 | 3  |    1.000   -0.017    0.240 |     -3.9    -75.6    123.4
    0.514 | 4  |    1.010   -0.013   -0.002 |    -58.3    -85.3     49.5
    0.514 | 5  |    1.025   -0.067   -0.121 |   -148.7    -81.0     12.9
    0.548 | 1  |    0.991   -0.166    0.119 |    -52.9    -77.2    156.0
    0.548 | 2  |    1.000    0.082    0.079 |     44.2    -81.9   -169.7
    0.548 | 3  |    0.996   -0.009    0.238 |     -3.6    -75.7    123.1
    0.548 | 4  |    1.010   -0.005   -0.002 |    -59.7    -85.3     50.6
    0.548 | 5  |    1.020   -0.069   -0.118 |   -148.9    -81.0     13.0
    0.583 | 1  |    0.994   -0.167    0.112 |    -53.2    -77.3    156.3
    0.583 | 2  |    0.999    0.085    0.081 |     44.0    -81.9   -169.3
    0.583 | 3  |    0.994   -0.021    0.246 |     -3.7    -75.6    123.1
    0.583 | 4  |    1.011   -0.007    0.000 |    -61.0    -85.3     51.5
    0.583 | 5  |    1.023   -0.070   -0.123 |   -149.0    -81.0     13.0
    0.617 | 1  |    1.001   -0.163    0.105 |    -53.5    -77.4    156.7
    0.617 | 2  |    1.001    0.083    0.088 |     43.5    -81.8   -168.9
    0.617 | 3  |    0.998   -0.011    0.238 |     -3.7    -75.6    123.1
    0.617 | 4  |    1.011    0.000   -0.001 |    -58.8    -85.3     49.5
    0.617 | 5  |    1.025   -0.076   -0.127 |   -148.9    -81.0     12.9
    0.651 | 1  |    0.999   -0.165    0.102 |    -53.7    -77.5    157.0
    0.651 | 2  |    1.004    0.085    0.086 |     43.2    -81.8   -168.6
    0.651 | 3  |    1.000   -0.014    0.234 |     -3.6    -75.6    123.0
    0.651 | 4  |    1.008   -0.003   -0.002 |    -59.2    -85.3     50.1
    0.651 | 5  |    1.022   -0.066   -0.122 |   -149.0    -81.0     13.0
    0.685 | 1  |    0.991   -0.161    0.109 |    -53.9    -77.5    157.1
    0.685 | 2  |    1.002    0.086    0.086 |     43.1    -81.7   -168.5
    0.685 | 3  |    0.996   -0.019    0.234 |     -3.7    -75.6    123.1
    0.685 | 4  |    1.007   -0.003   -0.002 |    -60.1    -85.3     51.1
    0.685 | 5  |    1.022   -0.068   -0.119 |   -149.1    -81.0     13.0
    0.719 | 1  |    0.987   -0.162    0.116 |    -53.9    -77.6    157.0
    0.719 | 2  |    0.994    0.086    0.085 |     43.1    -81.7   -168.6
    0.719 | 3  |    0.993   -0.009    0.236 |     -3.6    -75.6    122.9
    0.719 | 4  |    1.009   -0.003   -0.000 |    -61.2    -85.3     52.1
    0.719 | 5  |    1.021   -0.071   -0.126 |   -149.1    -81.0     13.0
    0.753 | 1  |    0.983   -0.158    0.123 |    -53.3    -77.6    156.3
    0.753 | 2  |    0.997    0.089    0.083 |     43.2    -81.7   -168.7
    0.753 | 3  |    0.997   -0.009    0.234 |     -3.3    -75.7    122.7
    0.753 | 4  |    1.009   -0.002   -0.008 |    -68.1    -85.3     58.7
    0.753 | 5  |    1.021   -0.066   -0.120 |   -149.2    -81.0     13.2
    0.788 | 1  |    0.975   -0.159    0.130 |    -52.8    -77.5    155.7
    0.788 | 2  |    1.002    0.086    0.089 |     43.5    -81.6   -169.0
    0.788 | 3  |    0.992   -0.018    0.221 |     -3.4    -75.7    122.7
    0.788 | 4  |    1.009    0.002   -0.006 |    -74.3    -85.3     64.7
    0.788 | 5  |    1.022   -0.066   -0.116 |   -149.3    -81.0     13.3
    0.822 | 1  |    0.981   -0.159    0.129 |    -52.5    -77.5    155.4
    0.822 | 2  |    1.015    0.090    0.091 |     43.6    -81.6   -169.1
    0.822 | 3  |    0.993   -0.018    0.228 |     -3.6    -75.8    122.9
    0.822 | 4  |    1.009    0.001    0.000 |    -70.3    -85.3     61.3
    0.822 | 5  |    1.022   -0.065   -0.120 |   -149.5    -81.0     13.4
    0.856 | 1  |    0.987   -0.160    0.133 |    -52.3    -77.5    155.2
    0.856 | 2  |    1.029    0.095    0.092 |     43.5    -81.6   -169.1
    0.856 | 3  |    0.996   -0.008    0.239 |     -3.4    -75.8    122.7
    0.856 | 4  |    1.011    0.000    0.001 |    -63.8    -85.3     55.6
    0.856 | 5  |    1.024   -0.068   -0.120 |   -149.6    -81.0     13.5
    0.890 | 1  |    0.990   -0.163    0.126 |    -52.3    -77.5    155.2
    0.890 | 2  |    0.995    0.089    0.079 |     43.2    -81.6   -168.9
    0.890 | 3  |    1.002   -0.010    0.241 |     -3.2    -75.8    122.6
    0.890 | 4  |    1.010   -0.005   -0.005 |    -67.1    -85.3     58.4
    0.890 | 5  |    1.023   -0.073   -0.126 |   -149.7    -81.0     13.7
    0.924 | 1  |    0.994   -0.157    0.122 |    -52.3    -77.5    155.2
    0.924 | 2  |    1.001    0.086    0.073 |     44.0    -81.7   -169.7
    0.924 | 3  |    1.001   -0.010    0.240 |     -3.1    -75.7    122.4
    0.924 | 4  |    1.011    0.000   -0.016 |    -86.1    -85.3     75.2
    0.924 | 5  |    1.023   -0.068   -0.127 |   -149.8    -80.9     13.8
    0.958 | 1  |    0.996   -0.154    0.105 |    -52.5    -77.7    155.5
    0.958 | 2  |    0.988    0.091    0.065 |     45.0    -81.8   -170.9
    0.958 | 3  |    0.993   -0.004    0.242 |     -2.8    -75.7    122.1
    0.958 | 4  |    1.010   -0.003   -0.017 |   -111.0    -85.3     96.9
    0.958 | 5  |    1.023   -0.067   -0.124 |   -150.0    -80.9     13.9
    0.992 | 1  |    0.995   -0.148    0.099 |    -53.1    -77.9    156.2
    0.992 | 2  |    0.976    0.086    0.063 |     45.8    -81.9   -171.8
    0.992 | 3  |    0.993   -0.011    0.238 |     -2.7    -75.7    122.0
    0.992 | 4  |    1.008   -0.003   -0.006 |   -110.0    -85.3     96.0
    0.992 | 5  |    1.022   -0.068   -0.125 |   -150.1    -80.9     13.9
    1.027 | 1  |    0.987   -0.152    0.099 |    -53.5    -78.0    156.5
    1.027 | 2  |    0.976    0.085    0.060 |     47.5    -82.0   -173.5
    1.027 | 3  |    0.993   -0.009    0.239 |     -2.7    -75.7    122.0
    1.027 | 4  |    1.009   -0.001   -0.003 |   -101.6    -85.3     86.9
    1.027 | 5  |    1.023   -0.072   -0.123 |   -149.9    -80.9     13.7
    1.060 | 1  |    0.982   -0.150    0.104 |    -53.8    -78.1    156.8
    1.060 | 2  |    0.995    0.083    0.059 |     48.6    -82.0   -174.7
    1.060 | 3  |    0.997   -0.010    0.233 |     -2.6    -75.7    121.9
    1.060 | 4  |    1.009   -0.001   -0.003 |    -94.9    -85.3     82.8
    1.060 | 5  |    1.022   -0.069   -0.124 |   -149.8    -80.9     13.7
    1.095 | 1  |    0.989   -0.153    0.112 |    -53.9    -78.2    156.9
    1.095 | 2  |    0.986    0.090    0.063 |     49.3    -82.0   -175.4
    1.095 | 3  |    1.001   -0.011    0.230 |     -2.6    -75.8    121.9
    1.095 | 4  |    1.011   -0.000   -0.002 |    -86.4    -85.3     75.6
    1.095 | 5  |    1.022   -0.068   -0.124 |   -149.8    -80.9     13.7
    1.129 | 1  |    0.984   -0.159    0.119 |    -53.8    -78.2    156.8
    1.129 | 2  |    1.015    0.089    0.064 |     50.8    -82.0   -177.0
    1.129 | 3  |    0.997   -0.020    0.233 |     -2.8    -75.8    122.1
    1.129 | 4  |    1.007   -0.000   -0.004 |    -83.6    -85.3     73.4
    1.129 | 5  |    1.021   -0.063   -0.124 |   -150.1    -81.0     14.0
    1.163 | 1  |    1.014   -0.164    0.128 |    -54.0    -78.1    156.9
    1.163 | 2  |    1.006    0.073    0.060 |     50.9    -82.1   -177.0
    1.163 | 3  |    0.996   -0.013    0.234 |     -2.9    -75.9    122.2
    1.163 | 4  |    1.010   -0.002   -0.003 |    -82.4    -85.3     72.2
    1.163 | 5  |    1.022   -0.068   -0.125 |   -150.1    -80.9     14.1
    1.197 | 1  |    1.017   -0.166    0.126 |    -54.0    -78.0    157.0
    1.197 | 2  |    1.005    0.081    0.059 |     51.0    -82.2   -177.3
    1.197 | 3  |    1.002   -0.007    0.230 |     -2.6    -75.9    122.0
    1.197 | 4  |    1.010   -0.001   -0.006 |    -91.3    -85.3     80.0
    1.197 | 5  |    1.024   -0.065   -0.129 |   -150.2    -80.9     14.2
    1.231 | 1  |    1.029   -0.164    0.124 |    -54.0    -78.1    157.0
    1.231 | 2  |    0.979    0.085    0.057 |     51.5    -82.3   -177.7
    1.231 | 3  |    1.001   -0.001    0.224 |     -2.2    -76.0    121.4
    1.231 | 4  |    1.008    0.001   -0.015 |   -109.7    -85.3     96.0
    1.231 | 5  |    1.022   -0.061   -0.124 |   -150.4    -80.9     14.4
    1.266 | 1  |    1.032   -0.166    0.117 |    -54.0    -78.2    157.0
    1.266 | 2  |    0.984    0.082    0.064 |     52.1    -82.3   -178.2
    1.266 | 3  |    1.000   -0.005    0.230 |     -1.6    -76.1    121.1
    1.266 | 4  |    1.007   -0.002   -0.012 |   -121.4    -85.3    106.6
    1.266 | 5  |    1.023   -0.064   -0.124 |   -150.6    -81.0     14.7
    1.300 | 1  |    1.022   -0.162    0.101 |    -54.0    -78.4    157.2
    1.300 | 2  |    0.977    0.085    0.073 |     52.1    -82.2   -178.1
    1.300 | 3  |    1.000   -0.004    0.225 |     -1.3    -76.2    120.7
    1.300 | 4  |    1.009    0.000   -0.005 |   -121.1    -85.3    106.3
    1.300 | 5  |    1.020   -0.068   -0.117 |   -150.5    -81.0     14.6
    1.334 | 1  |    1.035   -0.145    0.087 |    -54.0    -78.8    157.3
    1.334 | 2  |    0.988    0.099    0.073 |     53.0    -82.0   -179.0
    1.334 | 3  |    1.004    0.005    0.227 |     -0.6    -76.2    120.0
    1.334 | 4  |    1.008    0.001   -0.005 |   -120.1    -85.3    105.2
    1.334 | 5  |    1.020   -0.065   -0.119 |   -150.3    -81.1     14.3
    1.367 | 1  |    1.035   -0.132    0.086 |    -52.8    -79.1    156.2
    1.367 | 2  |    1.014    0.093    0.075 |     54.2    -81.9    179.8
    1.367 | 3  |    0.994    0.005    0.223 |      0.0    -76.3    119.3
    1.367 | 4  |    1.011   -0.002   -0.006 |   -118.6    -85.3    103.9
    1.367 | 5  |    1.020   -0.073   -0.125 |   -150.1    -81.0     14.1
    1.401 | 1  |    1.002   -0.132    0.091 |    -50.6    -79.5    154.0
    1.401 | 2  |    1.035    0.111    0.071 |     55.3    -81.8    178.7
    1.401 | 3  |    0.996   -0.003    0.225 |      0.4    -76.3    118.9
    1.401 | 4  |    1.009   -0.000   -0.008 |   -121.9    -85.3    106.9
    1.401 | 5  |    1.023   -0.062   -0.119 |   -150.2    -81.0     14.2
    1.436 | 1  |    0.990   -0.108    0.085 |    -49.5    -80.0    153.1
    1.436 | 2  |    1.037    0.111    0.070 |     56.0    -81.7    178.0
    1.436 | 3  |    1.006   -0.003    0.230 |      0.4    -76.3    118.8
    1.436 | 4  |    1.013    0.000   -0.011 |   -129.5    -85.3    113.8
    1.436 | 5  |    1.023   -0.070   -0.125 |   -150.4    -81.0     14.3
    1.470 | 1  |    0.973   -0.086    0.081 |    -48.2    -80.5    151.9
    1.470 | 2  |    1.023    0.116    0.070 |     56.2    -81.7    177.8
    1.470 | 3  |    1.000    0.005    0.229 |      0.6    -76.4    118.6
    1.470 | 4  |    1.008   -0.004   -0.011 |   -130.2    -85.3    114.6
    1.470 | 5  |    1.022   -0.064   -0.127 |   -150.7    -81.0     14.7
    1.504 | 1  |    0.943   -0.092    0.076 |    -47.3    -81.1    151.1
    1.504 | 2  |    1.004    0.121    0.069 |     56.5    -81.6    177.6
    1.504 | 3  |    0.995    0.003    0.227 |      0.9    -76.4    118.3
    1.504 | 4  |    1.009   -0.003   -0.012 |   -128.9    -85.3    113.7
    1.504 | 5  |    1.022   -0.072   -0.127 |   -150.6    -80.9     14.5
    1.538 | 1  |    0.939   -0.089    0.073 |    -47.2    -81.4    151.2
    1.538 | 2  |    0.992    0.108    0.068 |     56.5    -81.5    177.5
    1.538 | 3  |    0.999    0.003    0.224 |      0.8    -76.4    118.3
    1.538 | 4  |    1.011   -0.002   -0.005 |   -124.4    -85.3    109.5
    1.538 | 5  |    1.022   -0.068   -0.127 |   -150.6    -80.9     14.5
    1.572 | 1  |    0.941   -0.087    0.074 |    -47.5    -81.7    151.6
    1.572 | 2  |    0.984    0.106    0.062 |     56.5    -81.5    177.5
    1.572 | 3  |    0.996    0.005    0.224 |      0.8    -76.5    118.2
    1.572 | 4  |    1.007   -0.001   -0.005 |   -119.2    -85.3    104.7
    1.572 | 5  |    1.021   -0.065   -0.124 |   -150.7    -80.9     14.6
    1.606 | 1  |    0.951   -0.097    0.072 |    -48.4    -81.7    152.6
    1.606 | 2  |    0.988    0.099    0.056 |     56.6    -81.5    177.4
    1.606 | 3  |    0.997    0.001    0.225 |      0.8    -76.5    118.2
    1.606 | 4  |    1.011    0.001   -0.008 |   -118.5    -85.3    103.9
    1.606 | 5  |    1.023   -0.066   -0.122 |   -150.6    -80.9     14.5
    1.640 | 1  |    0.975   -0.099    0.064 |    -50.4    -81.7    154.8
    1.640 | 2  |    0.988    0.095    0.050 |     57.1    -81.6    176.8
    1.640 | 3  |    0.998   -0.005    0.227 |      0.5    -76.5    118.5
    1.640 | 4  |    1.010    0.000   -0.007 |   -118.1    -85.3    103.2
    1.640 | 5  |    1.022   -0.064   -0.127 |   -150.8    -80.9     14.7
    1.674 | 1  |    0.983   -0.079    0.084 |    -50.4    -81.7    154.7
    1.674 | 2  |    0.993    0.096    0.048 |     57.3    -81.6    176.5
    1.674 | 3  |    1.005    0.006    0.224 |      0.4    -76.5    118.5
    1.674 | 4  |    1.010   -0.001   -0.009 |   -118.4    -85.3    103.5
    1.674 | 5  |    1.022   -0.064   -0.122 |   -150.9    -80.9     14.8
    1.708 | 1  |    1.008   -0.116    0.078 |    -51.7    -81.7    156.1
    1.708 | 2  |    0.994    0.106    0.057 |     57.5    -81.6    176.3
    1.708 | 3  |    1.001    0.009    0.225 |      0.6    -76.5    118.3
    1.708 | 4  |    1.009    0.000   -0.007 |   -121.1    -85.3    105.9
    1.708 | 5  |    1.022   -0.068   -0.124 |   -150.9    -80.9     14.7
    1.742 | 1  |    1.032   -0.111    0.060 |    -53.3    -81.6    157.8
    1.742 | 2  |    1.006    0.111    0.052 |     58.0    -81.5    175.8
    1.742 | 3  |    0.994   -0.000    0.221 |      0.5    -76.5    118.4
    1.742 | 4  |    1.006   -0.003   -0.008 |   -121.5    -85.3    106.4
    1.742 | 5  |    1.021   -0.066   -0.124 |   -150.9    -80.9     14.8
    1.777 | 1  |    1.013   -0.096    0.063 |    -53.2    -81.6    157.7
    1.777 | 2  |    1.011    0.103    0.060 |     58.1    -81.5    175.6
    1.777 | 3  |    1.003    0.007    0.215 |      0.5    -76.5    118.3
    1.777 | 4  |    1.009   -0.000   -0.007 |   -124.0    -85.3    108.7
    1.777 | 5  |    1.021   -0.070   -0.132 |   -151.1    -80.9     14.9
    1.811 | 1  |    1.019   -0.099    0.059 |    -53.4    -81.7    158.0
    1.811 | 2  |    1.009    0.104    0.058 |     57.9    -81.5    176.0
    1.811 | 3  |    1.003    0.003    0.224 |      0.5    -76.5    118.2
    1.811 | 4  |    1.011   -0.002   -0.008 |   -124.8    -85.3    109.4
    1.811 | 5  |    1.023   -0.065   -0.129 |   -151.3    -80.8     15.0
    1.846 | 1  |    0.990   -0.100    0.067 |    -53.3    -81.7    157.8
    1.846 | 2  |    0.988    0.102    0.065 |     57.2    -81.5    176.6
    1.846 | 3  |    1.001    0.004    0.222 |      0.5    -76.5    118.1
    1.846 | 4  |    1.012   -0.002   -0.010 |   -127.8    -85.3    112.4
    1.846 | 5  |    1.021   -0.074   -0.131 |   -151.3    -80.8     14.9
    1.880 | 1  |    0.987   -0.095    0.070 |    -52.8    -81.7    157.1
    1.880 | 2  |    0.995    0.106    0.068 |     56.7    -81.5    177.1
    1.880 | 3  |    1.000    0.000    0.218 |      1.7    -76.5    118.1
    1.880 | 4  |    1.010    0.000   -0.009 |   -130.1    -85.3    114.4
    1.880 | 5  |    1.023   -0.064   -0.125 |   -151.2    -80.7     14.9
    1.914 | 1  |    0.987   -0.091    0.071 |    -52.3    -81.7    156.7
    1.914 | 2  |    0.986    0.108    0.070 |     55.9    -81.3    177.9
    1.914 | 3  |    0.996    0.009    0.214 |      0.7    -76.6    117.8
    1.914 | 4  |    1.009   -0.001   -0.013 |   -135.4    -85.3    120.1
    1.914 | 5  |    1.022   -0.061   -0.128 |   -151.7    -80.8     15.4
    1.948 | 1  |    0.998   -0.091    0.076 |    -51.7    -81.7    156.1
    1.948 | 2  |    0.987    0.112    0.077 |     55.6    -81.2    178.2
    1.948 | 3  |    0.998    0.004    0.221 |      0.8    -76.6    117.6
    1.948 | 4  |    1.010   -0.003   -0.010 |   -135.6    -85.3    120.1
    1.948 | 5  |    1.022   -0.075   -0.128 |   -151.4    -80.7     15.1
    1.982 | 1  |    1.002   -0.085    0.078 |    -50.8    -81.7    155.2
    1.982 | 2  |    0.998    0.108    0.077 |     55.4    -81.1    178.4
    1.982 | 3  |    0.996    0.011    0.218 |      1.1    -76.6    117.3
    1.982 | 4  |    1.012   -0.000   -0.008 |   -135.9    -85.3    120.3
    1.982 | 5  |    1.022   -0.077   -0.128 |   -151.0    -80.7     14.8
    2.016 | 1  |    1.001   -0.091    0.075 |    -50.4    -81.7    154.7
    2.016 | 2  |    1.014    0.122    0.088 |     55.1    -81.0    178.8
    2.016 | 3  |    1.000    0.014    0.210 |      1.4    -76.6    116.9
    2.016 | 4  |    1.005   -0.000   -0.014 |   -140.4    -85.3    124.5
    2.016 | 5  |    1.023   -0.049   -0.127 |   -151.6    -80.7     15.3
    2.051 | 1  |    1.002   -0.079    0.080 |    -49.6    -81.8    153.9
    2.051 | 2  |    1.021    0.125    0.102 |     54.4    -80.8    179.4
    2.051 | 3  |    1.007    0.009    0.213 |      1.5    -76.7    116.7
    2.051 | 4  |    1.012   -0.001   -0.017 |   -143.6    -85.3    127.9
    2.051 | 5  |    1.023   -0.059   -0.130 |   -152.2    -80.8     15.9
    2.085 | 1  |    0.986   -0.100    0.067 |    -49.9    -81.8    154.2
    2.085 | 2  |    1.026    0.112    0.104 |     52.4    -80.6   -178.6
    2.085 | 3  |    0.998    0.002    0.219 |      1.3    -76.7    116.8
    2.085 | 4  |    1.007    0.001   -0.009 |   -143.9    -85.3    127.7
    2.085 | 5  |    1.019   -0.065   -0.129 |   -152.5    -80.7     16.1
    2.120 | 1  |    0.990   -0.107    0.076 |    -50.5    -81.6    154.9
    2.120 | 2  |    0.993    0.117    0.093 |     50.8    -80.5   -177.1
    2.120 | 3  |    0.992   -0.000    0.222 |      1.1    -76.7    116.9
    2.120 | 4  |    1.008    0.000   -0.006 |   -139.2    -85.3    122.9
    2.120 | 5  |    1.022   -0.069   -0.130 |   -152.3    -80.7     15.9
    2.154 | 1  |    1.005   -0.094    0.067 |    -51.9    -81.6    156.3
    2.154 | 2  |    1.002    0.116    0.083 |     50.6    -80.6   -177.2
    2.154 | 3  |    1.007   -0.002    0.213 |      0.8    -76.7    117.1
    2.154 | 4  |    1.012   -0.002   -0.010 |   -135.9    -85.3    120.0
    2.154 | 5  |    1.022   -0.066   -0.126 |   -152.1    -80.7     15.7
    2.188 | 1  |    1.003   -0.080    0.075 |    -51.5    -81.6    155.8
    2.188 | 2  |    1.020    0.139    0.058 |     52.0    -80.6   -178.9
    2.188 | 3  |    1.005    0.003    0.215 |      0.7    -76.7    117.2
    2.188 | 4  |    1.009   -0.005   -0.012 |   -133.0    -85.3    117.7
    2.188 | 5  |    1.022   -0.070   -0.139 |   -152.3    -80.7     15.8
    2.224 | 1  |    1.002   -0.085    0.065 |    -51.2    -81.7    155.5
    2.224 | 2  |    1.036    0.137    0.060 |     53.7    -80.6    178.5
    2.224 | 3  |    0.999    0.005    0.222 |      0.6    -76.7    117.3
    2.224 | 4  |    1.010   -0.005   -0.017 |   -133.8    -85.3    118.9
    2.224 | 5  |    1.021   -0.070   -0.134 |   -152.1    -80.6     15.7
    2.258 | 1  |    0.999   -0.089    0.066 |    -51.3    -81.8    155.6
    2.258 | 2  |    1.039    0.114    0.040 |     55.6    -80.9    176.8
    2.258 | 3  |    1.000    0.009    0.218 |      0.6    -76.7    117.3
    2.258 | 4  |    1.008   -0.004   -0.014 |   -134.5    -85.2    119.8
    2.258 | 5  |    1.022   -0.062   -0.127 |   -152.1    -80.6     15.6
    2.291 | 1  |    0.998   -0.085    0.069 |    -52.0    -81.8    156.3
    2.291 | 2  |    1.013    0.102    0.040 |     56.2    -81.2    176.0
    2.291 | 3  |    1.000    0.005    0.215 |      0.6    -76.8    117.3
    2.291 | 4  |    1.011    0.005   -0.013 |   -138.4    -85.2    123.2
    2.291 | 5  |    1.023   -0.067   -0.134 |   -152.2    -80.7     15.7
    2.325 | 1  |    0.990   -0.092    0.083 |    -51.9    -81.8    156.1
    2.325 | 2  |    0.998    0.098    0.045 |     56.8    -81.6    175.2
    2.325 | 3  |    1.001   -0.009    0.221 |      0.1    -76.8    117.9
    2.325 | 4  |    1.009   -0.002   -0.009 |   -140.0    -85.3    124.4
    2.325 | 5  |    1.022   -0.065   -0.131 |   -152.2    -80.6     15.7
    2.360 | 1  |    0.980   -0.108    0.088 |    -51.7    -81.6    155.9
    2.360 | 2  |    0.994    0.095    0.059 |     56.7    -81.8    175.3
    2.360 | 3  |    0.998   -0.006    0.221 |     -0.5    -76.8    118.6
    2.360 | 4  |    1.009    0.003   -0.014 |   -143.1    -85.3    127.1
    2.360 | 5  |    1.022   -0.068   -0.127 |   -152.1    -80.7     15.6
    2.394 | 1  |    0.982   -0.104    0.083 |    -51.5    -81.5    155.7
    2.394 | 2  |    0.984    0.094    0.063 |     56.0    -81.9    176.0
    2.394 | 3  |    0.995    0.004    0.223 |     -0.6    -76.8    118.7
    2.394 | 4  |    1.008   -0.001   -0.010 |   -143.0    -85.3    126.6
    2.394 | 5  |    1.020   -0.064   -0.121 |   -151.8    -80.7     15.3
    2.428 | 1  |    0.986   -0.103    0.071 |    -52.2    -81.4    156.4
    2.428 | 2  |    0.973    0.090    0.063 |     54.6    -82.0    177.4
    2.428 | 3  |    0.996    0.001    0.216 |     -0.6    -76.8    118.7
    2.428 | 4  |    1.007   -0.001   -0.004 |   -135.2    -85.3    119.0
    2.428 | 5  |    1.020   -0.069   -0.122 |   -151.5    -80.8     15.0
    2.463 | 1  |    1.005   -0.104    0.068 |    -53.2    -81.3    157.5
    2.463 | 2  |    0.972    0.083    0.061 |     53.9    -82.1    178.1
    2.463 | 3  |    1.001    0.004    0.216 |     -0.6    -76.8    118.7
    2.463 | 4  |    1.008    0.000   -0.003 |   -124.0    -85.3    108.2
    2.463 | 5  |    1.022   -0.065   -0.125 |   -151.5    -80.8     14.9
    2.497 | 1  |    1.011   -0.112    0.066 |    -54.3    -81.2    158.6
    2.497 | 2  |    0.977    0.080    0.058 |     53.2    -82.2    178.8
    2.497 | 3  |    1.003    0.003    0.220 |     -0.5    -76.8    118.7
    2.497 | 4  |    1.011    0.004   -0.008 |   -126.0    -85.3    109.6
    2.497 | 5  |    1.021   -0.070   -0.129 |   -151.4    -80.8     14.7
    2.531 | 1  |    1.017   -0.111    0.063 |    -55.3    -81.2    159.7
    2.531 | 2  |    0.980    0.088    0.060 |     53.1    -82.3    178.9
    2.531 | 3  |    1.001    0.007    0.219 |     -0.3    -76.8    118.4
    2.531 | 4  |    1.010   -0.010   -0.008 |   -121.5    -85.3    106.1
    2.531 | 5  |    1.021   -0.065   -0.131 |   -151.6    -80.8     14.9
    2.565 | 1  |    1.015   -0.106    0.054 |    -56.2    -81.2    160.5
    2.565 | 2  |    0.992    0.094    0.068 |     52.8    -82.2    179.2
    2.565 | 3  |    1.004    0.012    0.213 |      0.1    -76.8    118.0
    2.565 | 4  |    1.010   -0.005   -0.013 |   -121.9    -85.3    106.9
    2.565 | 5  |    1.021   -0.067   -0.129 |   -151.7    -80.7     14.9
    2.599 | 1  |    1.011   -0.101    0.057 |    -57.0    -81.3    161.7
    2.599 | 2  |    0.991    0.089    0.068 |     52.1    -82.1    180.0
    2.599 | 3  |    0.999    0.002    0.225 |      0.2    -76.7    117.9
    2.599 | 4  |    1.009   -0.003   -0.009 |   -121.8    -85.3    106.9
    2.599 | 5  |    1.020   -0.065   -0.128 |   -151.8    -80.7     15.0
    2.633 | 1  |    0.998   -0.105    0.055 |    -58.1    -81.4    162.5
    2.633 | 2  |    1.010    0.096    0.068 |     52.2    -82.1    179.9
    2.633 | 3  |    1.002   -0.008    0.219 |     -0.1    -76.7    118.2
    2.633 | 4  |    1.010   -0.002   -0.006 |   -119.1    -85.3    104.4
    2.633 | 5  |    1.021   -0.072   -0.131 |   -151.7    -80.7     14.8
    2.667 | 1  |    0.991   -0.108    0.063 |    -58.4    -81.4    162.9
    2.667 | 2  |    1.026    0.096    0.068 |     52.3    -82.1    179.9
    2.667 | 3  |    1.008   -0.004    0.214 |     -0.3    -76.7    118.3
    2.667 | 4  |    1.011   -0.002   -0.006 |   -118.7    -85.3    103.9
    2.667 | 5  |    1.019   -0.083   -0.138 |   -151.3    -80.6     14.4
    2.702 | 1  |    0.984   -0.104    0.071 |    -58.3    -81.4    162.6
    2.702 | 2  |    1.020    0.091    0.064 |     52.2    -82.1    179.9
    2.702 | 3  |    0.999   -0.005    0.215 |     -0.5    -76.7    118.4
    2.702 | 4  |    1.010   -0.001   -0.009 |   -119.9    -85.3    106.6
    2.702 | 5  |    1.020   -0.078   -0.134 |   -150.8    -80.5     14.1
    2.736 | 1  |    0.988   -0.113    0.068 |    -58.6    -81.3    162.8
    2.736 | 2  |    1.032    0.088    0.066 |     52.6    -82.2    179.5
    2.736 | 3  |    1.001   -0.007    0.213 |     -0.6    -76.8    118.6
    2.736 | 4  |    1.008   -0.005   -0.011 |   -124.3    -85.3    109.2
    2.736 | 5  |    1.023   -0.052   -0.136 |   -151.7    -80.6     15.1
    2.770 | 1  |    0.992   -0.113    0.069 |    -58.8    -81.2    163.1
    2.770 | 2  |    1.009    0.087    0.067 |     51.7    -82.3   -179.6
    2.770 | 3  |    1.004   -0.010    0.213 |     -1.0    -76.8    119.0
    2.770 | 4  |    1.008   -0.007   -0.013 |   -125.4    -85.3    110.5
    2.770 | 5  |    1.021   -0.069   -0.135 |   -151.9    -80.5     15.3
    2.804 | 1  |    1.006   -0.113    0.065 |    -59.1    -81.1    163.3
    2.804 | 2  |    0.977    0.088    0.065 |     51.4    -82.3   -179.3
    2.804 | 3  |    0.995    0.004    0.220 |     -0.9    -76.8    119.0
    2.804 | 4  |    1.007   -0.006   -0.017 |   -129.6    -85.2    114.8
    2.804 | 5  |    1.018   -0.079   -0.139 |   -152.0    -80.5     15.4
    2.838 | 1  |    1.006   -0.112    0.063 |    -59.3    -81.1    163.4
    2.838 | 2  |    0.993    0.085    0.064 |     51.5    -82.4   -179.5
    2.838 | 3  |    0.998    0.004    0.220 |     -0.7    -76.7    118.7
    2.838 | 4  |    1.009   -0.001   -0.014 |   -133.3    -85.2    118.4
    2.838 | 5  |    1.018   -0.078   -0.134 |   -151.3    -80.4     14.8
    2.871 | 1  |    1.008   -0.116    0.066 |    -59.4    -81.0    163.5
    2.871 | 2  |    0.981    0.082    0.063 |     50.4    -82.3   -178.3
    2.871 | 3  |    1.004   -0.000    0.215 |     -0.6    -76.7    118.7
    2.871 | 4  |    1.008   -0.002   -0.010 |   -134.4    -85.2    119.0
    2.871 | 5  |    1.022   -0.061   -0.132 |   -151.4    -80.5     15.2
    2.905 | 1  |    1.007   -0.120    0.063 |    -59.5    -80.9    163.6
    2.905 | 2  |    0.991    0.083    0.063 |     50.1    -82.3   -178.1
    2.905 | 3  |    0.999    0.001    0.215 |     -0.5    -76.8    118.6
    2.905 | 4  |    1.009   -0.005   -0.009 |   -132.0    -85.2    117.2
    2.905 | 5  |    1.022   -0.059   -0.131 |   -152.0    -80.5     15.7
    2.939 | 1  |    1.009   -0.114    0.062 |    -59.5    -80.9    163.8
    2.939 | 2  |    0.998    0.080    0.063 |     50.1    -82.4   -177.9
    2.939 | 3  |    1.001    0.001    0.218 |     -0.4    -76.7    118.5
    2.939 | 4  |    1.011   -0.000   -0.014 |   -134.9    -85.2    120.0
    2.939 | 5  |    1.021   -0.063   -0.133 |   -152.3    -80.5     16.0
    2.973 | 1  |    1.005   -0.117    0.059 |    -59.7    -81.0    163.9
    2.973 | 2  |    1.004    0.087    0.057 |     50.4    -82.4   -178.4
    2.973 | 3  |    1.001    0.000    0.220 |     -0.3    -76.7    118.4
    2.973 | 4  |    1.009   -0.003   -0.019 |   -141.2    -85.2    126.2
    2.973 | 5  |    1.021   -0.068   -0.132 |   -152.4    -80.5     16.0
    3.008 | 1  |    0.991   -0.113    0.058 |    -59.8    -81.0    164.0
    3.008 | 2  |    1.003    0.085    0.058 |     50.6    -82.4   -178.6
    3.008 | 3  |    1.000    0.003    0.219 |     -0.2    -76.7    118.3
    3.008 | 4  |    1.010   -0.000   -0.016 |   -142.8    -85.2    127.9
    3.008 | 5  |    1.023   -0.063   -0.135 |   -152.5    -80.5     16.1
    3.042 | 1  |    0.984   -0.111    0.054 |    -59.9    -81.1    164.3
    3.042 | 2  |    0.995    0.085    0.053 |     50.8    -82.4   -178.9
    3.042 | 3  |    1.001    0.002    0.219 |     -0.1    -76.7    118.2
    3.042 | 4  |    1.008   -0.003   -0.014 |   -142.8    -85.2    127.8
    3.042 | 5  |    1.021   -0.067   -0.134 |   -152.5    -80.5     16.1
    3.077 | 1  |    0.976   -0.112    0.051 |    -60.4    -81.1    164.8
    3.077 | 2  |    0.993    0.088    0.052 |     51.5    -82.4   -179.6
    3.077 | 3  |    0.998    0.002    0.219 |      0.0    -76.6    118.1
    3.077 | 4  |    1.010   -0.003   -0.015 |   -141.8    -85.2    126.7
    3.077 | 5  |    1.023   -0.057   -0.131 |   -152.7    -80.6     16.3
    3.111 | 1  |    0.973   -0.107    0.051 |    -61.2    -81.1    165.6
    3.111 | 2  |    0.989    0.081    0.055 |     51.5    -82.4   -179.6
    3.111 | 3  |    0.997   -0.004    0.224 |     -0.2    -76.6    118.3
    3.111 | 4  |    1.008   -0.006   -0.017 |   -140.1    -85.2    125.3
    3.111 | 5  |    1.022   -0.062   -0.137 |   -153.1    -80.6     16.4
    3.145 | 1  |    0.983   -0.114    0.053 |    -61.9    -81.0    166.3
    3.145 | 2  |    0.987    0.087    0.058 |     52.1    -82.3    179.9
    3.145 | 3  |    0.998   -0.005    0.227 |     -0.5    -76.5    118.6
    3.145 | 4  |    1.011   -0.003   -0.014 |   -140.0    -85.2    125.2
    3.145 | 5  |    1.020   -0.072   -0.134 |   -152.9    -80.6     16.1
    3.179 | 1  |    0.986   -0.116    0.058 |    -62.1    -80.9    166.5
    3.179 | 2  |    0.992    0.087    0.052 |     52.5    -82.3    179.5
    3.179 | 3  |    1.002   -0.001    0.222 |     -0.7    -76.5    118.8
    3.179 | 4  |    1.010   -0.003   -0.015 |   -140.2    -85.2    125.4
    3.179 | 5  |    1.019   -0.079   -0.139 |   -152.4    -80.5     15.5
    3.214 | 1  |    1.001   -0.129    0.068 |    -62.3    -80.8    166.5
    3.214 | 2  |    1.001    0.087    0.050 |     53.1    -82.3    179.0
    3.214 | 3  |    1.003    0.004    0.212 |     -0.6    -76.5    118.7
    3.214 | 4  |    1.005   -0.002   -0.013 |   -138.1    -85.2    123.3
    3.214 | 5  |    1.019   -0.066   -0.132 |   -151.8    -80.5     14.9
    3.248 | 1  |    1.011   -0.127    0.068 |    -62.5    -80.6    166.7
    3.248 | 2  |    0.996    0.082    0.050 |     53.4    -82.3    178.7
    3.248 | 3  |    0.992   -0.004    0.215 |     -0.7    -76.5    118.9
    3.248 | 4  |    1.007   -0.005   -0.007 |   -134.1    -85.2    119.3
    3.248 | 5  |    1.018   -0.067   -0.130 |   -151.8    -80.5     15.0
    3.283 | 1  |    0.999   -0.115    0.083 |    -61.7    -80.5    165.9
    3.283 | 2  |    1.010    0.083    0.061 |     53.9    -82.3    178.3
    3.283 | 3  |    1.001   -0.006    0.212 |     -1.0    -76.5    119.1
    3.283 | 4  |    1.012   -0.003   -0.011 |   -131.5    -85.2    116.8
    3.283 | 5  |    1.021   -0.063   -0.128 |   -151.9    -80.6     15.0
    3.318 | 1  |    0.994   -0.126    0.101 |    -61.1    -80.5    165.3
    3.318 | 2  |    1.004    0.088    0.067 |     54.4    -82.3    178.0
    3.318 | 3  |    1.001   -0.004    0.212 |     -1.3    -76.6    119.4
    3.318 | 4  |    1.012    0.001   -0.017 |   -135.3    -85.2    120.4
    3.318 | 5  |    1.020   -0.066   -0.132 |   -152.0    -80.6     15.1
    3.353 | 1  |    0.995   -0.133    0.089 |    -61.4    -80.4    165.8
    3.353 | 2  |    0.995    0.097    0.073 |     55.6    -82.2    176.9
    3.353 | 3  |    0.986   -0.005    0.230 |     -1.5    -76.5    119.7
    3.353 | 4  |    1.008   -0.003   -0.025 |   -141.9    -85.2    126.9
    3.353 | 5  |    1.019   -0.065   -0.134 |   -152.1    -80.6     15.1
    3.388 | 1  |    0.952   -0.131    0.071 |    -60.6    -80.3    165.1
    3.388 | 2  |    1.000    0.084    0.060 |     56.4    -82.3    176.1
    3.388 | 3  |    0.999   -0.002    0.230 |     -1.6    -76.4    119.8
    3.388 | 4  |    1.007   -0.006   -0.019 |   -143.0    -85.2    127.9
    3.388 | 5  |    1.020   -0.068   -0.138 |   -152.1    -80.6     15.1
    3.423 | 1  |    0.992   -0.146    0.043 |    -62.9    -80.2    167.7
    3.423 | 2  |    1.041    0.094    0.066 |     56.8    -82.3    175.9
    3.423 | 3  |    1.008    0.005    0.226 |     -1.4    -76.4    119.5
    3.423 | 4  |    1.011   -0.004   -0.005 |   -135.1    -85.2    120.0
    3.423 | 5  |    1.021   -0.070   -0.135 |   -151.9    -80.5     14.8
    3.458 | 1  |    1.015   -0.145    0.024 |    -65.2    -80.1    170.2
    3.458 | 2  |    1.015    0.109    0.069 |     55.8    -82.1    177.2
    3.458 | 3  |    1.013   -0.008    0.233 |     -1.4    -76.3    119.5
    3.458 | 4  |    1.010    0.000    0.002 |   -128.1    -85.3    112.9
    3.458 | 5  |    1.024   -0.068   -0.132 |   -151.8    -80.5     14.6
    3.493 | 1  |    1.048   -0.145    0.025 |    -67.9    -80.0    173.0
    3.493 | 2  |    1.013    0.102    0.081 |     55.3    -82.1    178.1
    3.493 | 3  |    1.002   -0.029    0.233 |     -2.2    -76.3    120.3
    3.493 | 4  |    1.007   -0.007    0.004 |   -107.5    -85.3     93.8
    3.493 | 5  |    1.018   -0.074   -0.132 |   -151.5    -80.5     14.2
    3.527 | 1  |    1.047   -0.146    0.027 |    -68.7    -80.0    173.7
    3.527 | 2  |    0.995    0.096    0.063 |     53.9    -82.0    179.2
    3.527 | 3  |    0.995   -0.002    0.226 |     -2.2    -76.2    120.4
    3.527 | 4  |    1.008   -0.010   -0.001 |    -98.4    -85.3     85.5
    3.527 | 5  |    1.020   -0.078   -0.130 |   -150.9    -80.5     13.7
    3.560 | 1  |    1.031   -0.139    0.045 |    -68.5    -80.1    173.6
    3.560 | 2  |    0.989    0.090    0.053 |     53.8    -82.1    179.2
    3.560 | 3  |    1.003    0.014    0.232 |     -1.4    -76.2    119.7
    3.560 | 4  |    1.009   -0.006   -0.010 |   -102.7    -85.3     89.6
    3.560 | 5  |    1.021   -0.067   -0.130 |   -150.9    -80.5     13.7
    3.595 | 1  |    1.011   -0.138    0.051 |    -67.9    -80.2    173.0
    3.595 | 2  |    0.981    0.096    0.055 |     53.6    -82.1    179.4
    3.595 | 3  |    1.001    0.004    0.237 |     -1.1    -76.1    119.4
    3.595 | 4  |    1.011   -0.004   -0.016 |   -110.5    -85.3     96.8
    3.595 | 5  |    1.021   -0.067   -0.133 |   -151.0    -80.5     13.9
    3.629 | 1  |    0.990   -0.136    0.060 |    -66.3    -80.2    171.5
    3.629 | 2  |    0.988    0.089    0.053 |     53.3    -82.1    179.7
    3.629 | 3  |    0.994   -0.007    0.232 |     -1.2    -75.9    119.5
    3.629 | 4  |    1.009   -0.002   -0.018 |   -118.4    -85.2    104.2
    3.629 | 5  |    1.020   -0.065   -0.129 |   -151.3    -80.5     14.1
    3.664 | 1  |    0.962   -0.143    0.070 |    -65.0    -80.1    170.1
    3.664 | 2  |    0.987    0.089    0.055 |     52.5    -82.0   -179.2
    3.664 | 3  |    0.992   -0.006    0.230 |     -1.3    -75.9    119.5
    3.664 | 4  |    1.007   -0.002   -0.012 |   -121.0    -85.2    106.6
    3.664 | 5  |    1.019   -0.066   -0.128 |   -151.3    -80.6     14.1
    3.698 | 1  |    0.970   -0.143    0.068 |    -64.3    -80.0    169.5
    3.698 | 2  |    0.989    0.071    0.062 |     51.1    -82.1   -178.0
    3.698 | 3  |    0.998   -0.007    0.232 |     -1.4    -75.9    119.6
    3.698 | 4  |    1.009   -0.001   -0.006 |   -118.6    -85.3    103.0
    3.698 | 5  |    1.022   -0.073   -0.131 |   -151.2    -80.6     14.0
    3.733 | 1  |    0.983   -0.143    0.056 |    -64.3    -79.9    169.6
    3.733 | 2  |    0.988    0.080    0.072 |     49.8    -82.1   -176.6
    3.733 | 3  |    1.001   -0.012    0.231 |     -1.6    -75.9    119.7
    3.733 | 4  |    1.010    0.000   -0.007 |   -115.8    -85.3    101.4
    3.733 | 5  |    1.019   -0.070   -0.135 |   -151.1    -80.5     13.8
    3.767 | 1  |    1.005   -0.143    0.046 |    -65.1    -79.8    170.4
    3.767 | 2  |    0.994    0.085    0.078 |     48.9    -81.9   -175.5
    3.767 | 3  |    0.999   -0.014    0.238 |     -1.9    -75.8    120.0
    3.767 | 4  |    1.012   -0.015   -0.008 |   -110.1    -85.3     96.2
    3.767 | 5  |    1.021   -0.069   -0.138 |   -151.2    -80.5     13.8
    3.801 | 1  |    1.019   -0.134    0.042 |    -65.7    -79.9    171.0
    3.801 | 2  |    1.015    0.099    0.093 |     48.1    -81.7   -174.6
    3.801 | 3  |    0.999   -0.009    0.237 |     -2.0    -75.7    120.0
    3.801 | 4  |    1.010   -0.007   -0.010 |   -107.1    -85.3     93.5
    3.801 | 5  |    1.021   -0.074   -0.139 |   -151.3    -80.4     13.9
    3.835 | 1  |    1.015   -0.141    0.054 |    -65.7    -79.9    170.9
    3.835 | 2  |    1.015    0.103    0.093 |     47.3    -81.5   -173.8
    3.835 | 3  |    1.002   -0.008    0.237 |     -2.0    -75.7    120.0
    3.835 | 4  |    1.008   -0.009   -0.010 |   -106.8    -85.2     93.2
    3.835 | 5  |    1.020   -0.074   -0.138 |   -151.3    -80.4     13.8
    3.868 | 1  |    1.013   -0.142    0.061 |    -65.2    -79.9    170.4
    3.868 | 2  |    1.024    0.099    0.085 |     46.5    -81.4   -173.0
    3.868 | 3  |    1.000   -0.003    0.236 |     -1.9    -75.7    119.8
    3.868 | 4  |    1.009   -0.009   -0.007 |   -104.5    -85.2     91.2
    3.868 | 5  |    1.019   -0.070   -0.129 |   -151.2    -80.4     13.6
    3.903 | 1  |    1.011   -0.140    0.071 |    -64.3    -79.9    169.4
    3.903 | 2  |    1.026    0.096    0.078 |     46.3    -81.4   -172.8
    3.903 | 3  |    1.000   -0.010    0.239 |     -1.9    -75.7    119.8
    3.903 | 4  |    1.011   -0.004   -0.005 |   -101.1    -85.2     88.0
    3.903 | 5  |    1.021   -0.070   -0.130 |   -150.9    -80.5     13.5
    3.937 | 1  |    0.992   -0.141    0.071 |    -63.3    -79.9    168.3
    3.937 | 2  |    1.019    0.098    0.078 |     46.0    -81.4   -172.6
    3.937 | 3  |    0.999   -0.014    0.233 |     -2.3    -75.7    120.1
    3.937 | 4  |    1.011   -0.004   -0.007 |   -102.2    -85.3     89.0
    3.937 | 5  |    1.018   -0.080   -0.136 |   -150.6    -80.4     13.2
    3.971 | 1  |    0.982   -0.137    0.074 |    -61.9    -79.9    166.8
    3.971 | 2  |    1.020    0.097    0.083 |     45.5    -81.4   -172.1
    3.971 | 3  |    0.998   -0.011    0.236 |     -2.5    -75.7    120.3
    3.971 | 4  |    1.008   -0.006   -0.011 |   -105.0    -85.3     91.6
    3.971 | 5  |    1.022   -0.065   -0.132 |   -150.9    -80.5     13.5
    4.005 | 1  |    0.974   -0.135    0.070 |    -61.1    -79.9    166.0
    4.005 | 2  |    1.016    0.091    0.088 |     44.7    -81.4   -171.3
    4.005 | 3  |    0.997   -0.013    0.234 |     -2.7    -75.7    120.5
    4.005 | 4  |    1.009   -0.004   -0.014 |   -108.4    -85.3     94.7
    4.005 | 5  |    1.022   -0.070   -0.137 |   -151.1    -80.5     13.7
    4.039 | 1  |    0.975   -0.137    0.074 |    -60.4    -79.8    165.3
    4.039 | 2  |    1.014    0.091    0.084 |     43.2    -81.4   -169.9
    4.039 | 3  |    0.994   -0.014    0.230 |     -3.2    -75.7    120.8
    4.039 | 4  |    1.010   -0.005   -0.014 |   -112.9    -85.3     98.9
    4.039 | 5  |    1.020   -0.068   -0.140 |   -151.4    -80.4     14.0
    4.073 | 1  |    0.986   -0.133    0.081 |    -59.7    -79.7    164.5
    4.073 | 2  |    1.001    0.086    0.087 |     42.2    -81.4   -168.9
    4.073 | 3  |    0.995   -0.010    0.229 |     -3.3    -75.8    120.9
    4.073 | 4  |    1.009   -0.003   -0.011 |   -115.1    -85.3    101.0
    4.073 | 5  |    1.020   -0.070   -0.138 |   -151.6    -80.4     14.1
    4.108 | 1  |    0.987   -0.141    0.084 |    -59.0    -79.6    163.8
    4.108 | 2  |    1.000    0.085    0.091 |     40.6    -81.4   -167.3
    4.108 | 3  |    0.995   -0.018    0.236 |     -3.6    -75.7    121.2
    4.108 | 4  |    1.008   -0.005   -0.008 |   -114.0    -85.3     99.9
    4.108 | 5  |    1.022   -0.064   -0.135 |   -151.8    -80.5     14.3
    4.142 | 1  |    0.990   -0.139    0.098 |    -58.0    -79.5    162.7
    4.142 | 2  |    0.982    0.076    0.099 |     39.5    -81.5   -166.1
    4.142 | 3  |    0.990   -0.011    0.237 |     -3.8    -75.7    121.4
    4.142 | 4  |    1.009   -0.002   -0.012 |   -115.2    -85.3    101.0
    4.142 | 5  |    1.020   -0.066   -0.131 |   -151.8    -80.5     14.3
    4.177 | 1  |    0.982   -0.139    0.106 |    -56.9    -79.3    161.6
    4.177 | 2  |    1.021    0.080    0.113 |     38.1    -81.3   -163.7
    4.177 | 3  |    0.989   -0.009    0.236 |     -3.6    -75.7    121.2
    4.177 | 4  |    1.008   -0.004   -0.011 |   -115.5    -85.3    101.8
    4.177 | 5  |    1.019   -0.065   -0.131 |   -151.9    -80.5     14.3
    4.211 | 1  |    0.980   -0.138    0.112 |    -55.6    -79.1    160.3
    4.211 | 2  |    0.931    0.097    0.125 |     35.2    -81.0   -161.8
    4.211 | 3  |    0.989   -0.012    0.231 |     -3.6    -75.7    121.2
    4.211 | 4  |    1.008   -0.006   -0.007 |   -114.2    -85.3    100.0
    4.211 | 5  |    1.020   -0.066   -0.135 |   -151.9    -80.5     14.2
    4.245 | 1  |    0.989   -0.141    0.109 |    -54.8    -79.0    159.5
    4.245 | 2  |    0.996    0.091    0.109 |     35.5    -81.0   -162.3
    4.245 | 3  |    0.998   -0.010    0.239 |     -3.5    -75.7    121.1
    4.245 | 4  |    1.008   -0.005   -0.004 |   -109.0    -85.3     95.2
    4.245 | 5  |    1.021   -0.071   -0.135 |   -151.7    -80.5     14.0
    4.280 | 1  |    1.001   -0.145    0.095 |    -55.0    -78.9    159.9
    4.280 | 2  |    1.001    0.084    0.095 |     35.6    -81.0   -162.7
    4.280 | 3  |    1.001   -0.003    0.240 |     -3.3    -75.7    120.9
    4.280 | 4  |    1.010   -0.004   -0.007 |   -103.7    -85.3     90.3
    4.280 | 5  |    1.021   -0.074   -0.134 |   -151.4    -80.5     13.6
    4.314 | 1  |    1.030   -0.146    0.074 |    -55.6    -78.9    160.6
    4.314 | 2  |    1.000    0.075    0.060 |     36.4    -81.3   -163.8
